	T	X	N
  0.3432   0.6582 1451.0000 
  0.4491   0.7075 1060.0000 
  0.4286   0.6190 126.0000 
  0.2522   0.4687 559.0000 
  0.4068   0.7288  59.0000 
  0.4093   0.7011 987.0000 
  0.3118   0.5735 279.0000 
  0.2385   0.5465 935.0000 
  0.2790   0.6094 233.0000 
  0.2708   0.5469 192.0000 
  0.3733   0.6697 442.0000 
  0.4085   0.7049 820.0000 
  0.2874   0.5673 936.0000 
  0.3415   0.6124 1019.0000 
  0.1927   0.4351 763.0000 
  0.1092   0.2828 916.0000 
  0.3653   0.6651 1481.0000 
  0.4259   0.6735 533.0000 
  0.4056   0.7423 1595.0000 
  0.3648   0.6642 551.0000 
  0.1822   0.4858 247.0000 
  0.2140   0.4760 584.0000 
  0.2976   0.5503 736.0000 
  0.2311   0.6178 1138.0000 
  0.3435   0.5038 262.0000 
  0.2560   0.4840 250.0000 
  0.1687   0.6626 1808.0000 
  0.3097   0.5689 733.0000 
  0.3248   0.5870 816.0000 
  0.3987   0.6258 1427.0000 
  0.3308   0.5981 535.0000 
  0.4611   0.7764 720.0000 
  0.4458   0.7108 498.0000 
  0.4595   0.7158 679.0000 
  0.3084   0.5946 629.0000 
  0.2898   0.6122 459.0000 
  0.4740   0.7440 500.0000 
  0.2621   0.4887 309.0000 
  0.4320   0.6964 662.0000 
  0.4178   0.6893 383.0000 
  0.3596   0.5393 267.0000 
  0.3528   0.6659 428.0000 
  0.2944   0.5776 625.0000 
  0.3181   0.6538 569.0000 
  0.4435   0.7461 575.0000 
  0.2631   0.5599 593.0000 
  0.1802   0.5542 960.0000 
  0.4513   0.7372 647.0000 
  0.3966   0.6737 953.0000 
  0.1188   0.3366 101.0000 
  0.0741   0.4815 1269.0000 
  0.4660   0.7822 1088.0000 
  0.3205   0.6474 312.0000 
  0.3285   0.6130 478.0000 
  0.3325   0.6458 415.0000 
  0.3794   0.7030 788.0000 
  0.3322   0.6233 1144.0000 
  0.3131   0.6181 872.0000 
  0.3073   0.6583 436.0000 
  0.2978   0.5437 366.0000 
  0.4037   0.7259 270.0000 
  0.4205   0.7126 1270.0000 
  0.4267   0.7241 1439.0000 
  0.3953   0.7218 726.0000 
  0.2715   0.4973 372.0000 
  0.0629   0.4935 620.0000 
  0.2993   0.6199 1076.0000 
  0.1941   0.4249 546.0000 
  0.2832   0.6437 985.0000 
  0.3261   0.6767 1067.0000 
  0.5679   0.8157 1009.0000 
  0.4716   0.7681 1406.0000 
  0.3892   0.7408 1115.0000 
  0.3867   0.7381 1130.0000 
  0.3306   0.7092 1984.0000 
  0.4878   0.7969 1226.0000 
  0.4279   0.7307 2239.0000 
  0.3024   0.6474 936.0000 
  0.2431   0.6178 1345.0000 
  0.4954   0.7570 539.0000 
  0.5035   0.7828 1303.0000 
  0.5885   0.8265 1395.0000 
  0.4881   0.7586 2432.0000 
  0.3077   0.7043 1417.0000 
  0.3557   0.6985 1549.0000 
  0.3960   0.7204 1048.0000 
  0.5494   0.8255 699.0000 
  0.5332   0.8323 1324.0000 
  0.3808   0.7015 1749.0000 
  0.4019   0.7314 1906.0000 
  0.4822   0.7439 1632.0000 
  0.4428   0.7656 1075.0000 
  0.3018   0.6553 1375.0000 
  0.6228   0.8513 1392.0000 
  0.5370   0.8019 2065.0000 
  0.6543   0.8355 1021.0000 
  0.6162   0.8405 1850.0000 
  0.5505   0.8322 1782.0000 
  0.6176   0.8412 1467.0000 
  0.4660   0.7498 1515.0000 
  0.5326   0.8238 1703.0000 
  0.5477   0.8027 1404.0000 
  0.5371   0.7995 404.0000 
  0.3773   0.7380 1439.0000 
  0.5268   0.8275 1304.0000 
  0.1753   0.5433 462.0000 
  0.3371   0.7184 973.0000 
  0.3226   0.5953 682.0000 
  0.1701   0.4693 488.0000 
  0.4782   0.7830 1972.0000 
  0.4407   0.7732 1239.0000 
  0.4337   0.7541 724.0000 
  0.4349   0.7461 2320.0000 
  0.3291   0.7262 705.0000 
  0.2982   0.6146 768.0000 
  0.3100   0.6000 100.0000 
  0.4319   0.7274 521.0000 
  0.4192   0.7347 637.0000 
  0.4120   0.6860 449.0000 
  0.2991   0.6276 682.0000 
  0.2238   0.5087 572.0000 
  0.5155   0.7619 2062.0000 
  0.4578   0.7178 1481.0000 
  0.4036   0.6815 788.0000 
  0.3979   0.6699 1327.0000 
  0.5610   0.8011 754.0000 
  0.5559   0.8108 867.0000 
  0.6170   0.8250 577.0000 
  0.5724   0.7697 152.0000 
  0.4603   0.7476 630.0000 
  0.4066   0.6992 1456.0000 
  0.5748   0.8046 2272.0000 
  0.3702   0.6717 859.0000 
  0.4202   0.7412 514.0000 
  0.5105   0.8082 1048.0000 
  0.5217   0.7944 715.0000 
  0.4443   0.7633 997.0000 
  0.4994   0.7720 785.0000 
  0.4012   0.6759 1154.0000 
  0.3898   0.6797 1411.0000 
  0.3309   0.6408 1520.0000 
  0.4786   0.7716 1686.0000 
  0.4303   0.7371 1183.0000 
  0.4368   0.7569 506.0000 
  0.4956   0.7586 787.0000 
  0.3738   0.0971 1391.0000 
  0.4743   0.7811 1535.0000 
  0.4544   0.6825 548.0000 
  0.3507   0.6425 884.0000 
  0.3665   0.5814 442.0000 
  0.4431   0.7024 887.0000 
  0.4005   0.6499 794.0000 
  0.3185   0.6074 540.0000 
  0.2910   0.6270 732.0000 
  0.3753   0.6059 373.0000 
  0.4790   0.7457 405.0000 
  0.4092   0.6798 887.0000 
  0.3064   0.6100 1077.0000 
  0.3565   0.6304 763.0000 
  0.2925   0.5204 294.0000 
  0.2067   0.4894 329.0000 
  0.3189   0.6213 602.0000 
  0.4779   0.7168 452.0000 
  0.2517   0.5604 298.0000 
  0.3251   0.6012 855.0000 
  0.3482   0.6627 2197.0000 
  0.4988   0.7607 2428.0000 
  0.2342   0.5720 521.0000 
  0.3446   0.5198 177.0000 
  0.4022   0.6914 2223.0000 
  0.4376   0.6991 1266.0000 
  0.3224   0.6103 580.0000 
  0.1409   0.4430 149.0000 
  0.1964   0.4714 280.0000 
  0.3378   0.6306 1486.0000 
  0.1257   0.4477 708.0000 
  0.1360   0.4986 353.0000 
  0.1146   0.4531 192.0000 
  0.3211   0.7064 109.0000 
  0.5258   0.7875 1261.0000 
  0.3082   0.5998 1022.0000 
  0.3394   0.6277 274.0000 
  0.4368   0.7257 1028.0000 
  0.3098   0.6351 1288.0000 
  0.3025   0.6161 995.0000 
  0.4220   0.7164 1590.0000 
  0.1996   0.5448 1463.0000 
  0.4657   0.7639 1063.0000 
  0.5739   0.7921 582.0000 
  0.5677   0.7926 916.0000 
  0.5519   0.7896 1022.0000 
  0.5000   0.7500   4.0000 
  0.3200   0.6267  75.0000 
  0.4865   0.7306 1704.0000 
  0.5000   0.6739  46.0000 
  0.1667   0.3333   6.0000 
  0.4265   0.7109 633.0000 
  0.4455   0.7194 1183.0000 
  0.4856   0.7266 278.0000 
  0.5244   0.7422 1474.0000 
  0.5173   0.7753 1589.0000 
  0.5215   0.7665 955.0000 
  0.3408   0.6406 3289.0000 
  0.4215   0.6319 1649.0000 
  0.4412   0.7036 1326.0000 
  0.3522   0.6680 2575.0000 
  0.4921   0.7063 378.0000 
  0.3967   0.6730 1694.0000 
  0.4461   0.7123 2280.0000 
  0.3371   0.6514 2889.0000 
  0.3955   0.7229 397.0000 
  0.3464   0.6034 179.0000 
  0.4214   0.6050 1476.0000 
  0.3717   0.6651 2556.0000 
  0.5003   0.7355 1709.0000 
  0.4789   0.6693 641.0000 
  0.2805   0.4628 713.0000 
  0.6000   0.9000  10.0000 
  0.4481   0.7399 915.0000 
  0.5350   0.7711 1673.0000 
  0.4567   0.7735 1881.0000 
  0.4136   0.7084 1869.0000 
  0.4637   0.7543 3220.0000 
  0.3444   0.6915 1867.0000 
  0.4049   0.7058 1635.0000 
  0.2449   0.6108 1372.0000 
  0.2500   1.0000   4.0000 
  0.5061   0.7777 2033.0000 
  0.5141   0.7901 1739.0000 
  0.3764   0.6719 1262.0000 
  0.4906   0.7569 1802.0000 
  0.4484   0.7428 2123.0000 
  0.2273   0.4545  22.0000 
  0.4580   0.7067 1323.0000 
  0.5033   0.7616 902.0000 
  0.5202   0.7823 1038.0000 
  0.4695   0.7243 1197.0000 
  0.5847   0.8095 378.0000 
  0.5264   0.7855 853.0000 
  0.5316   0.7584 269.0000 
  0.5996   0.8140 457.0000 
  0.4869   0.7594 877.0000 
  0.4031   0.7108 1781.0000 
  0.3074   0.6132 592.0000 
  0.3902   0.6763 1248.0000 
  0.5106   0.7724 615.0000 
  0.5594   0.7916 379.0000 
  0.2621   0.5914 580.0000 
  0.3998   0.6563 1033.0000 
  0.4250   0.7237 760.0000 
  0.5347   0.7795 907.0000 
  0.3904   0.6430 1227.0000 
  0.5976   0.8537 164.0000 
  0.4286   0.6888 392.0000 
  0.5258   0.8010 407.0000 
  0.4406   0.7135 1389.0000 
  0.3704   0.7407  54.0000 
  0.5301   0.7923 183.0000 
  0.4461   0.7545 334.0000 
  0.4311   0.7160 1095.0000 
  0.4606   0.7161 1370.0000 
  0.3037   0.7734 1024.0000 
  0.4843   0.7626 1272.0000 
  0.4200   0.7272 1338.0000 
  0.3596   0.6999 1983.0000 
  0.6271   0.8379 1086.0000 
  0.5787   0.8078 1379.0000 
  0.4359   0.7314 1046.0000 
  0.5190   0.7865 1054.0000 
  0.5871   0.8437 1676.0000 
  0.5933   0.8272 2245.0000 
  0.3521   0.6407 1386.0000 
  0.4654   0.7463 1431.0000 
  0.4249   0.7139 1657.0000 
  0.5961   0.8249 874.0000 
  0.2371   0.5988 1999.0000 
  0.6167   0.8416 1667.0000 
  0.4451   0.7586 2121.0000 
  0.6119   0.8314 925.0000 
  0.2723   0.6808 1366.0000 
  0.2590   0.6406 2560.0000 
  0.2898   0.6640 1232.0000 
  0.4058   0.7362 1577.0000 
  0.4360   0.7549 1897.0000 
  0.2066   0.6362 1399.0000 
  0.4980   0.7757 1516.0000 
  0.3197   0.6594 1961.0000 
  0.3954   0.7002 607.0000 
  0.4680   0.6775 1079.0000 
