	T	X	N	truthb	truthw
  0.9146   0.0331 11668.0000   0.8679   0.9162 
  0.7908   0.0116 10735.0000   1.0000   0.7883 
  0.7531   0.0297 10735.0000   0.6552   0.7561 
  0.8604   0.0270 5974.0000   0.7453   0.8636 
  0.7472   0.0515 25478.0000   0.5434   0.7582 
  0.9257   0.0302 7277.0000   1.0000   0.9233 
  0.9198   0.0242 22873.0000   1.0000   0.9178 
  0.6493   0.0055 40265.0000   0.7072   0.6490 
  0.7249   0.0829 14062.0000   0.7290   0.7246 
  0.7286   0.0211 38845.0000   0.4457   0.7347 
  0.6641   0.0901 19282.0000   0.4744   0.6829 
  0.7972   0.0033 5749.0000   1.0000   0.7965 
  0.9981   0.0022 11196.0000   1.0000   0.9981 
  0.8529   0.0289 12028.0000   0.7011   0.8574 
  0.6977   0.0057 33430.0000   0.6243   0.6981 
  0.8425   0.0034 8185.0000   1.0000   0.8420 
  0.8173   0.0533 10010.0000   0.6742   0.8253 
  0.7630   0.0319 24584.0000   0.5982   0.7684 
  0.6770   0.0094 60886.0000   0.5719   0.6780 
  0.9415   0.0083 3984.0000   1.0000   0.9410 
  0.8999   0.0180 6731.0000   0.9421   0.8991 
  0.7717   0.0004 17852.0000   1.0000   0.7716 
  0.8730   0.0016 10408.0000   1.0000   0.8728 
  0.4750   0.2300 49127.0000   0.3901   0.5004 
  0.6707   0.0546 21659.0000   0.6205   0.6736 
  0.9316   0.0163 15116.0000   0.8049   0.9337 
  1.0000   0.0007 6981.0000   1.0000   1.0000 
  0.7773   0.0089 6838.0000   0.6066   0.7788 
  0.9680   0.0473 5121.0000   0.9545   0.9686 
  0.6949   0.0342 63359.0000   0.6644   0.6960 
  0.8825   0.0176 7619.0000   0.4627   0.8900 
  0.8313   0.0007 10698.0000   0.5714   0.8314 
  0.5907   0.1211 171668.0000   0.5030   0.6028 
  0.7946   0.0172 9153.0000   0.7006   0.7962 
  0.9150   0.0090 31133.0000   1.0000   0.9142 
  0.8033   0.0725 32951.0000   0.8870   0.7968 
  0.8249   0.1538 6098.0000   0.6557   0.8556 
  0.8387   0.0185 3886.0000   0.8056   0.8393 
  0.7832   0.0442 8809.0000   0.9306   0.7764 
  0.6589   0.0009 11159.0000   0.5000   0.6591 
  0.7440   0.0397 25237.0000   0.6743   0.7469 
  0.8160   0.0051 15570.0000   0.5316   0.8174 
  0.9633   0.0384 8002.0000   1.0000   0.9618 
  0.7531   0.0035 27201.0000   0.7604   0.7531 
  0.8128   0.0136 5503.0000   0.7467   0.8137 
  0.4994   0.1060 61543.0000   0.2311   0.5313 
  0.8771   0.0333 25962.0000   0.9514   0.8746 
  0.7361   0.0287 11878.0000   0.7654   0.7352 
  0.8536   0.0715 10947.0000   0.8135   0.8567 
  0.6798   0.0653 31504.0000   0.6208   0.6839 
  0.7928   0.0377 9489.0000   0.7430   0.7948 
  0.8562   0.0964 4263.0000   0.6788   0.8751 
  0.7235   0.0589 33936.0000   0.6240   0.7298 
  0.9248   0.0008 8497.0000   0.2857   0.9253 
  0.7638   0.1537 497143.0000   0.6977   0.7758 
  0.7233   0.0340 21972.0000   0.6881   0.7245 
  0.8126   0.0016 16795.0000   0.2963   0.8134 
  0.6465   0.0255 102354.0000   0.5925   0.6479 
  0.9137   0.0066 12614.0000   1.0000   0.9132 
  0.7985   0.0108 21153.0000   0.7851   0.7987 
  0.8413   0.0433 8803.0000   0.6903   0.8481 
  0.7250   0.0040 31327.0000   1.0000   0.7239 
  0.8175   0.0028 9962.0000   0.6071   0.8181 
  0.8891   0.0036 5345.0000   1.0000   0.8887 
  0.9933   0.0012 9486.0000   0.1818   0.9942 
  0.8491   0.0095 19273.0000   1.0000   0.8476 
  0.8582   0.0020 9294.0000   0.6316   0.8587 
  0.7181   0.0326 14570.0000   0.7074   0.7184 
  0.8627   0.0013 6928.0000   1.0000   0.8626 
  0.7537   0.0792 17883.0000   0.7549   0.7536 
  0.6635   0.0759 5494.0000   0.1823   0.7030 
  0.7160   0.0864 47304.0000   0.6840   0.7190 
  0.9227   0.0091 10804.0000   0.3163   0.9283 
  0.8163   0.0044 7242.0000   0.7500   0.8166 
  0.6557   0.0518 44354.0000   0.6652   0.6552 
  1.0000   0.0002 9702.0000   1.0000   1.0000 
  0.8085   0.0879 11972.0000   0.6321   0.8255 
  0.7527   0.0003 20731.0000   0.0000   0.7530 
  1.0000   0.0001 8575.0000   1.0000   1.0000 
  0.7537   0.0721 12373.0000   0.7567   0.7535 
  0.6265   0.0837 15823.0000   0.1842   0.6669 
  0.8618   0.0165 3748.0000   0.5645   0.8668 
  0.7141   0.0394 14427.0000   0.6872   0.7153 
  0.9148   0.0314 6687.0000   0.7905   0.9188 
  1.0000   0.0308 9031.0000   1.0000   1.0000 
  0.7039   0.0445 14343.0000   0.8464   0.6973 
  0.9160   0.0074 8385.0000   0.0161   0.9227 
  0.8171   0.0377 23278.0000   0.7802   0.8185 
  0.7149   0.0563 20983.0000   0.5402   0.7253 
  0.8824   0.0140 4984.0000   0.7714   0.8840 
  0.8467   0.0090 15280.0000   1.0000   0.8453 
  0.7393   0.0435 23588.0000   0.3242   0.7582 
  0.8000   0.0203 6645.0000   0.6963   0.8022 
  1.0000   0.0013 3830.0000   1.0000   1.0000 
  0.7305   0.0031 8493.0000   0.6154   0.7308 
  0.9273   0.0182 21500.0000   0.8389   0.9290 
  0.8667   0.0032 52068.0000   0.8802   0.8666 
  0.8936   0.0084 8217.0000   0.7536   0.8948 
  0.7796   0.0141 37083.0000   0.5430   0.7830 
  0.9981   0.0012 1611.0000   1.0000   0.9981 
  0.7845   0.0002 10743.0000   1.0000   0.7845 
  0.6448   0.0181 16093.0000   0.4178   0.6490 
  0.8304   0.0071 11220.0000   0.8750   0.8301 
  0.6702   0.0651 17354.0000   0.5607   0.6778 
  0.7229   0.0997 18463.0000   0.5908   0.7375 
  0.7040   0.1011 11004.0000   0.8516   0.6874 
  0.8200   0.0259 4912.0000   0.7480   0.8219 
  0.8735   0.0440 15774.0000   0.9741   0.8689 
  0.7900   0.1021 7994.0000   0.7414   0.7955 
  0.8163   0.1026 7971.0000   0.7531   0.8236 
  0.7095   0.1507 11771.0000   0.4183   0.7611 
  0.6793   0.0738 57618.0000   0.5709   0.6880 
  0.9292   0.0789 7570.0000   0.8777   0.9336 
  0.8683   0.0195 12711.0000   0.9073   0.8675 
  0.7802   0.0553 10217.0000   0.7699   0.7808 
  0.7813   0.0076 24190.0000   0.5574   0.7830 
  1.0000   0.0002 4677.0000   1.0000   1.0000 
  0.7379   0.0657 14665.0000   0.6836   0.7417 
