	t	x	n
  0.7007   0.0084 715.0000 
  0.7309   0.2625 602.0000 
  0.7595   0.0115 607.0000 
  0.8091   0.0125 639.0000 
  0.7654   0.0569 422.0000 
  0.7627   0.0000 451.0000 
  0.7562   0.0000 406.0000 
  0.7541   0.0220 545.0000 
  0.6932   0.4408 515.0000 
  0.6639   0.9471 851.0000 
  0.7429   0.6838 778.0000 
  0.7025   0.0127 316.0000 
  0.7245   0.0246 773.0000 
  0.7089   0.0127  79.0000 
  0.6261   0.0564 567.0000 
  0.6780   0.0043 469.0000 
  0.6807   0.2448 429.0000 
  0.6532   0.0313 447.0000 
  0.7861   0.0149 201.0000 
  0.7221   0.0851 752.0000 
  0.5783   0.0688 581.0000 
  0.7574   0.0452 907.0000 
  0.7303   0.0674 623.0000 
  0.6696   0.8962 684.0000 
  0.6840   0.0736 231.0000 
  0.5623   0.2296 514.0000 
  0.6379   0.0848 660.0000 
  0.6187   0.0000 417.0000 
  0.7882   0.0987 963.0000 
  0.6875   0.0179 112.0000 
  0.5931   0.0086 698.0000 
  0.5807   0.0000 954.0000 
  0.7289   0.0522 498.0000 
  0.8444   0.1293 495.0000 
  0.6222   0.0296 135.0000 
  0.6926   0.0476 462.0000 
  0.7097   0.0000  62.0000 
  0.6395   0.0000 319.0000 
  0.7414   0.0000 553.0000 
  0.7265   0.0684 234.0000 
  0.6583   0.0000 120.0000 
  0.6994   0.3313 815.0000 
  0.7344   0.0064 625.0000 
  0.7597   0.1308 1032.0000 
  0.6779   0.0036 829.0000 
  0.6439   0.6559 497.0000 
  0.6724   0.9841 757.0000 
  0.6977   0.0000 880.0000 
  0.7026   0.0259 1160.0000 
  0.7285   0.0063 792.0000 
  0.5861   0.0000 273.0000 
  0.6661   0.9918 1096.0000 
  0.6906   0.0627 973.0000 
  0.6178   0.1118 832.0000 
  0.5986   0.0103 583.0000 
  0.6113   0.0080 373.0000 
  0.6524   0.0427 164.0000 
  0.6619   0.0605 281.0000 
  0.6869   0.0607 412.0000 
  0.6643   0.0085 706.0000 
  0.5957   0.0135 371.0000 
  0.8185   0.0335 1014.0000 
  0.8058   0.4320 206.0000 
  0.7368   0.2219 703.0000 
  0.8438   0.9760 416.0000 
  0.7436   0.2797 429.0000 
  0.7280   0.1194 511.0000 
  0.7692   0.0533 676.0000 
  0.7453   0.0189 212.0000 
  0.7648   0.0094 744.0000 
  0.7770   0.3135 453.0000 
  0.7924   0.9958 236.0000 
  0.6954   0.0805 174.0000 
  0.7202   0.0050 604.0000 
  0.8860   0.0000 114.0000 
  0.7643   0.0000 280.0000 
  0.8045   0.0000 445.0000 
  0.8171   0.0000 164.0000 
  0.6977   0.0000  86.0000 
  0.7811   0.0081 370.0000 
  0.8286   0.0829 350.0000 
  0.7136   0.0080 625.0000 
  0.7966   0.0392 408.0000 
  0.8079   0.0793 479.0000 
  0.7125   0.0000 240.0000 
  0.8188   0.0000 149.0000 
  0.7546   0.9967 603.0000 
  0.7487   0.5688 378.0000 
  0.7503   0.2356 993.0000 
  0.7663   0.0030 659.0000 
  0.7561   0.8415 328.0000 
  0.7063   0.8181 1440.0000 
  0.7263   0.7421 190.0000 
  0.8126   0.2925 571.0000 
  0.6514   0.7296 1265.0000 
  0.7593   0.2381 378.0000 
  0.8118   0.1663 457.0000 
  0.7697   0.3503 1550.0000 
  0.8604   0.0358 530.0000 
  0.8408   0.5257 584.0000 
  0.8056   0.6080 648.0000 
  0.7901   0.6989 362.0000 
  0.7778   0.6782 1386.0000 
  0.7052   0.1392 1652.0000 
  0.7304   0.1077 1662.0000 
  0.7484   0.1271 787.0000 
  0.7813   0.1945 951.0000 
  0.7865   0.0477 965.0000 
  0.7353   0.1078 733.0000 
  0.7461   0.0438 1871.0000 
  0.7750   0.0268 1680.0000 
  0.7486   0.0083 1806.0000 
  0.7538   0.1516 983.0000 
  0.7863   0.0000 1053.0000 
  0.8167   0.0029 1031.0000 
  0.8100   0.0077 521.0000 
  0.7440   0.0270 1668.0000 
  0.7668   0.0249 965.0000 
  0.7399   0.1192 646.0000 
  0.7868   0.0491 591.0000 
  0.7711   0.0402 1494.0000 
  0.7238   0.3643 420.0000 
  0.7428   0.7572 622.0000 
  0.7998   0.4873 1024.0000 
  0.8403   0.1875 288.0000 
  0.6914   0.3642 593.0000 
  0.7759   0.2022 638.0000 
  0.7495   0.0250 519.0000 
  0.6407   0.0042 707.0000 
  0.7581   0.5581 215.0000 
  0.6910   0.7328 932.0000 
  0.7841   0.4015 264.0000 
  0.8230   0.5150 565.0000 
  0.7915   0.2888 921.0000 
  0.8291   0.1677 316.0000 
  0.6981   0.3639 371.0000 
  0.9061   0.3333 330.0000 
  0.8362   0.0000 177.0000 
  0.7134   0.7978 628.0000 
  0.7716   0.5546 613.0000 
  0.7507   0.5731 670.0000 
  0.7877   0.0000 179.0000 
  0.8080   0.0000 995.0000 
  0.7802   0.0017 605.0000 
  0.7989   0.0000 1124.0000 
  0.7276   0.0000 591.0000 
  0.6964   0.0000 685.0000 
  0.6415   0.0000 265.0000 
  0.6828   0.0069 145.0000 
  0.6898   0.0000 403.0000 
  0.6991   0.1489 658.0000 
  0.7437   0.4077 753.0000 
  0.7352   0.0000 491.0000 
  0.7782   0.0894 861.0000 
  0.7727   0.0798 990.0000 
  0.7234   0.4450 582.0000 
  0.7556   0.3766 855.0000 
  0.7617   0.7336 642.0000 
  0.7606   0.5164 852.0000 
  0.7676   0.2958 284.0000 
  0.8000   0.3491 845.0000 
  0.6948   0.0000 498.0000 
  0.6746   0.0128 547.0000 
  0.7617   0.0047 214.0000 
  0.6799   0.0453 353.0000 
  0.7295   0.0040 499.0000 
  0.6813   0.0000 364.0000 
  0.8469   0.1837 588.0000 
  0.7729   0.0199 251.0000 
  0.7390   0.2256 931.0000 
  0.7131   0.4931 868.0000 
  0.7779   0.0131 761.0000 
  0.6490   0.0063 473.0000 
  0.7031   0.3750 128.0000 
  0.6869   0.4381 792.0000 
  0.6552   0.2687 670.0000 
  0.6910   0.0787 178.0000 
  0.7096   0.2602 861.0000 
  0.8065   0.2645 155.0000 
  0.7430   0.0140 856.0000 
  0.6976   0.0397 982.0000 
  0.6685   0.9752 929.0000 
  0.7011   0.4218 358.0000 
  0.8059   0.2946 886.0000 
  0.8206   0.0538 223.0000 
  0.7991   0.0183 219.0000 
  0.6733   0.0000 303.0000 
  0.6883   0.2857  77.0000 
  0.6382   0.0256 586.0000 
  0.5919   0.1391 762.0000 
  0.7530   0.0000 251.0000 
  0.6993   0.0109 276.0000 
  0.7917   0.0000  96.0000 
  0.6661   0.0758 1201.0000 
  0.6885   0.0139 1082.0000 
  0.6903   0.0467 1285.0000 
  0.7250   0.0168 1131.0000 
  0.6175   0.5675 1119.0000 
  0.5742   0.9631 1031.0000 
  0.8244   0.0000 262.0000 
  0.7191   0.0045 445.0000 
  0.7154   0.0308 130.0000 
  0.6880   0.0654 673.0000 
  0.7517   0.0161 435.0000 
  0.7756   0.0256 352.0000 
  0.6893   0.0097 618.0000 
  0.7291   0.0000 251.0000 
  0.7599   0.0000 604.0000 
  0.7203   0.0066 758.0000 
  0.7181   0.0000 298.0000 
  0.6642   0.0102 685.0000 
  0.6771   0.0000 638.0000 
  0.7216   0.0000 431.0000 
  0.7208   0.0171 351.0000 
  0.7919   0.2237 1341.0000 
  0.7202   0.4405 168.0000 
  0.7643   0.7280 1434.0000 
  0.6923   0.2867 143.0000 
  0.7211   0.4943 441.0000 
  0.7717   0.7849 530.0000 
  0.7500   0.5000 260.0000 
  0.7125   0.5275 546.0000 
  0.7962   0.3694 157.0000 
  0.6688   0.0382 157.0000 
  0.7005   0.2315 661.0000 
  0.6900   0.4813 642.0000 
  0.6949   0.2599 731.0000 
  0.7070   0.5233 430.0000 
  0.7591   0.1273 220.0000 
  0.7500   0.2419 492.0000 
  0.7701   0.0803 274.0000 
  0.7958   0.0000 191.0000 
  0.7815   0.1003 389.0000 
  0.7243   0.5885 243.0000 
  0.6900   0.7000 100.0000 
  0.7833   0.5826 563.0000 
  0.7861   0.4855 173.0000 
  0.6447   0.0698 788.0000 
  0.6389   0.0692 925.0000 
  0.6935   0.0367 982.0000 
  0.6779   0.0379 975.0000 
  0.7218   0.0602 798.0000 
  0.7046   0.3956 958.0000 
  0.6996   0.0179 2290.0000 
  0.6227   0.0500 1259.0000 
  0.7033   0.0979 337.0000 
  0.6864   0.7189 338.0000 
  0.5523   0.1699 306.0000 
  0.6285   0.1908 393.0000 
  0.6720   0.8050 436.0000 
  0.7681   0.0881 772.0000 
  0.7513   0.0077 776.0000 
  0.7460   0.0061 815.0000 
  0.6206   0.0863 788.0000 
  0.7041   0.0442 1426.0000 
  0.7252   0.0612 866.0000 
  0.6899   0.0667 690.0000 
  0.5806   0.4622 1216.0000 
  0.6829   0.0288 1252.0000 
  0.6772   0.0877 1106.0000 
  0.7005   0.1024 1182.0000 
  0.6675   0.1002 1158.0000 
  0.5528   0.1680 738.0000 
  0.6628   0.0128 780.0000 
  0.7657   0.2129 653.0000 
  0.6760   0.3555 571.0000 
  0.7641   0.0103 195.0000 
  0.7276   0.3621 290.0000 
  0.6731   0.5642 927.0000 
  0.7922   0.2045 308.0000 
  0.7085   0.2187 686.0000 
  0.6826   0.2864 838.0000 
  0.7113   0.0704 852.0000 
  0.7103   0.1367 1039.0000 
  0.6733   0.0381 1916.0000 
  0.7206   0.2937 909.0000 
  0.6718   0.3770 1228.0000 
  0.7110   0.0568 1848.0000 
  0.7493   0.1390 367.0000 
  0.6992   0.0407 738.0000 
  0.7535   0.2958 142.0000 
  0.6173   0.5279 358.0000 
  0.7375   0.3500 160.0000 
  0.6167   0.0500 120.0000 
  0.7144   0.0309 1264.0000 
  0.6856   0.2468 1094.0000 
  0.6017   0.0424 118.0000 
  0.7086   0.0215 326.0000 
  0.5960   0.2373 552.0000 
  0.6885   0.1091 1146.0000 
  0.7268   0.0694 1570.0000 
  0.7099   0.0565 1434.0000 
  0.7284   0.2604 1252.0000 
  0.7512   0.2138 1085.0000 
  0.6677   0.1331 969.0000 
  0.7563   0.0385 1350.0000 
  0.6606   0.9971 1046.0000 
  0.7234   0.1238 929.0000 
  0.7270   0.9918 1099.0000 
  0.7188   0.9940 992.0000 
  0.7213   0.0769 1665.0000 
  0.6922   0.6503 1384.0000 
  0.6253   0.6124 774.0000 
  0.6155   0.2632 1022.0000 
  0.7343   0.0786 1133.0000 
  0.6898   0.0392 893.0000 
  0.7088   0.0460 934.0000 
  0.7861   0.0028 706.0000 
  0.7314   0.0024 849.0000 
  0.7458   0.0019 1078.0000 
  0.7706   0.0011 885.0000 
  0.7351   0.1236 906.0000 
  0.5616   0.0893 739.0000 
  0.7611   0.0036 1683.0000 
  0.5914   0.1631 558.0000 
  0.7277   0.0402 448.0000 
  0.6232   0.0687 422.0000 
  0.7497   0.0074 811.0000 
  0.7574   0.0000 981.0000 
  0.7861   0.2210 837.0000 
  0.6089   0.6649 767.0000 
  0.6806   0.0668 764.0000 
  0.6978   0.1054 579.0000 
  0.7568   0.0555 847.0000 
  0.6205   0.1162 1162.0000 
  0.5500   0.1700 100.0000 
  0.5100   0.9679 747.0000 
  0.7229   0.5165 1274.0000 
  0.6310   0.9904 1141.0000 
  0.5406   0.1401 357.0000 
  0.5947   0.3504 528.0000 
  0.7368   0.6227 1341.0000 
  0.6356   0.4836 763.0000 
  0.6917   0.0627 973.0000 
  0.5440   0.3127 307.0000 
  0.7003   0.9760 1001.0000 
  0.6852   0.9815 648.0000 
  0.7026   0.9882 1019.0000 
  0.6862   0.9190 975.0000 
  0.6356   0.8356 505.0000 
  0.6921   0.1577 799.0000 
  0.5037   0.9233 1213.0000 
  0.7236   0.7782 1136.0000 
  0.7143   0.5570 833.0000 
  0.6306   0.0033 601.0000 
  0.7980   0.0046 1084.0000 
  0.7556   0.0107 843.0000 
  0.7396   0.9959 983.0000 
  0.6952   0.9954 1296.0000 
  0.6748   0.2728 821.0000 
  0.7149   0.3069 1147.0000 
  0.7631   0.6646 1127.0000 
  0.6144   0.4039 765.0000 
  0.6891   0.0370 1756.0000 
  0.6875   0.0445 1731.0000 
  0.6069   0.9967 898.0000 
  0.6154   0.9945 910.0000 
  0.6980   0.3875 831.0000 
  0.6454   0.8121 846.0000 
  0.6801   0.9329 1088.0000 
  0.7144   0.9927 1362.0000 
  0.7917   0.0000 797.0000 
  0.8072   0.0000 669.0000 
  0.7069   0.7132 638.0000 
  0.6647   0.9926 677.0000 
  0.5231   0.2231 130.0000 
  0.6695   0.9915 1065.0000 
  0.6914   0.1207 1160.0000 
  0.6883   0.0977 1187.0000 
  0.6871   0.0797 1042.0000 
  0.7243   0.1649 1110.0000 
  0.7476   0.9952 1042.0000 
  0.6798   0.0213 1171.0000 
  0.7005   0.0222 1172.0000 
  0.6823   0.9964 1382.0000 
  0.6771   0.1716 1725.0000 
  0.6935   0.1723 1579.0000 
  0.6968   0.1854 1613.0000 
  0.6697   0.1800 1317.0000 
  0.6584   0.3397 524.0000 
  0.7276   0.2086 973.0000 
  0.7038   0.2131 915.0000 
  0.7887   0.2920 1041.0000 
  0.7338   0.2904 954.0000 
  0.6216   0.1985 1929.0000 
  0.6879   0.0415 1253.0000 
  0.6683   0.0867 1649.0000 
  0.6883   0.0819 1405.0000 
  0.6856   0.1102 1425.0000 
  0.7668   0.0244 1355.0000 
  0.6721   0.0304 921.0000 
  0.6617   0.0368 1005.0000 
  0.7807   0.0064 1254.0000 
  0.7088   0.0326 1164.0000 
  0.6819   0.0352 1251.0000 
  0.7651   0.0234 1196.0000 
  0.6919   0.0131 1451.0000 
  0.6974   0.0264 1477.0000 
  0.7185   0.0132 302.0000 
  0.6826   0.0315 1427.0000 
  0.6789   0.0625 1473.0000 
  0.7039   0.1250 152.0000 
  0.7111   0.2889  90.0000 
  0.6643   0.2792 283.0000 
  0.7366   0.0625 224.0000 
  0.5788   0.2808 406.0000 
  0.6617   0.0150 1064.0000 
  0.6748   0.0696 1236.0000 
  0.6491   0.0420 1214.0000 
  0.6741   0.0532 1034.0000 
  0.6542   0.0091 1206.0000 
  0.7670   0.0082 485.0000 
  0.7576   0.0346 231.0000 
  0.7033   0.0203 246.0000 
  0.5495   0.9889 899.0000 
  0.5620   0.9805 411.0000 
  0.6008   0.9924 526.0000 
  0.5031   0.9912 799.0000 
  0.5493   0.8773 375.0000 
  0.5499   0.5299 451.0000 
  0.6769   0.1346 817.0000 
  0.5587   0.1210 281.0000 
  0.6304   0.2729 414.0000 
  0.6244   0.3299 394.0000 
  0.5535   0.9697 495.0000 
  0.6763   0.0100 1004.0000 
  0.6555   0.0287 209.0000 
  0.6315   0.0419 597.0000 
  0.6250   0.4013 304.0000 
  0.6222   0.7632 1043.0000 
  0.6669   0.0660 1303.0000 
  0.5384   0.0463 691.0000 
  0.5365   0.1014 740.0000 
  0.5955   0.1300 754.0000 
  0.5597   0.1223 1022.0000 
  0.6669   0.0177 1186.0000 
  0.6565   0.0102 492.0000 
  0.5923   0.6822 1268.0000 
  0.5775   0.6960 1013.0000 
  0.6148   0.8333 732.0000 
  0.5215   0.9789 1281.0000 
  0.5659   0.8258 1154.0000 
  0.5344   0.7409 552.0000 
  0.6063   0.0861 1336.0000 
  0.5971   0.1012 1107.0000 
  0.5675   0.0348 1956.0000 
  0.6529   0.0454 1717.0000 
  0.5213   0.9715 1546.0000 
  0.6537   0.0410 1340.0000 
  0.6449   0.1139 887.0000 
  0.6444   0.1455 928.0000 
  0.5775   0.0436 1375.0000 
  0.6566   0.0058 1730.0000 
  0.6229   0.0146 1575.0000 
  0.6236   0.0092 1408.0000 
  0.6351   0.0211 1466.0000 
  0.6303   0.0098 1431.0000 
  0.5866   0.4437 595.0000 
  0.6042   0.0396 379.0000 
  0.5040   0.5121 742.0000 
  0.5874   0.0663 1447.0000 
  0.5824   0.0275 1056.0000 
  0.6453   0.0006 1545.0000 
  0.6535   0.0051 782.0000 
  0.7315   0.0104 1054.0000 
  0.6949   0.0078 1285.0000 
  0.6535   0.0099 303.0000 
  0.6797   0.0020 1536.0000 
  0.5740   0.1720 500.0000 
  0.7028   0.2157 932.0000 
  0.6606   0.0068 1756.0000 
  0.6972   0.0025 1189.0000 
  0.7073   0.0135 1411.0000 
  0.6619   0.0055 914.0000 
  0.6156   0.9919 614.0000 
  0.6328   0.0007 1517.0000 
  0.6512   0.9953 215.0000 
  0.6859   0.0444 1713.0000 
  0.6380   0.0067 1196.0000 
  0.6773   0.0057 1224.0000 
  0.6142   0.0203 197.0000 
  0.6194   0.0401 599.0000 
  0.8478   0.0217  46.0000 
  0.7053   0.0316  95.0000 
  0.6523   0.0400 325.0000 
  0.8059   0.0078 510.0000 
  0.8476   0.0102 492.0000 
  0.8515   0.0212 330.0000 
  0.7313   0.7761 335.0000 
  0.8132   0.0000 257.0000 
  0.7206   0.0605 562.0000 
  0.7878   0.0000 476.0000 
  0.7504   0.2986 653.0000 
  0.6628   0.0173 347.0000 
  0.6461   0.0108 647.0000 
  0.6186   0.0206 485.0000 
  0.6280   0.0000 164.0000 
  0.5479   0.9732 261.0000 
  0.5574   0.0544 662.0000 
  0.7053   0.0193 207.0000 
  0.6526   0.0495 950.0000 
  0.6399   0.3443 636.0000 
  0.6821   0.0172 582.0000 
  0.6150   0.1278 665.0000 
  0.7425   0.4417 369.0000 
  0.7871   0.0000 526.0000 
  0.7990   0.0034 592.0000 
  0.7813   0.0486 288.0000 
  0.8220   0.0756 410.0000 
  0.7124   0.1034 532.0000 
  0.7803   0.3182 396.0000 
  0.7140   0.6065 493.0000 
  0.7951   0.0315 571.0000 
  0.7459   0.0871 425.0000 
  0.7746   0.2254 457.0000 
  0.7089   0.1435 237.0000 
  0.7513   0.0053 189.0000 
  0.7207   0.1735 709.0000 
  0.7500   0.0260 384.0000 
  0.6392   0.0053 571.0000 
  0.5478   0.0522 230.0000 
  0.5946   0.0000 1041.0000 
  0.6500   0.0014 740.0000 
  0.6761   0.0026 389.0000 
  0.6710   0.0301 465.0000 
  0.8182   0.0000 165.0000 
  0.6656   0.0000 308.0000 
  0.6542   0.0093 107.0000 
  0.6207   0.0000  87.0000 
  0.4871   0.1282 850.0000 
  0.3898   0.1919 1162.0000 
  0.7239   0.1984 373.0000 
  0.7714   0.5381 420.0000 
  0.7703   0.4118 357.0000 
  0.8154   0.2795 390.0000 
  0.7283   0.0000 368.0000 
  0.7464   0.0163 552.0000 
  0.7311   0.2437 476.0000 
  0.6595   0.1018 511.0000 
  0.7170   0.0176 682.0000 
  0.6584   0.0000 322.0000 
  0.6357   0.0255 431.0000 
  0.6610   0.1441 118.0000 
  0.7379   0.2087 393.0000 
  0.8125   0.9978 928.0000 
  0.8585   0.0240 834.0000 
  0.7500   0.0000  64.0000 
  0.8031   0.2857 259.0000 
  0.7734   0.0000 256.0000 
  0.6855   0.3484 531.0000 
  0.7337   0.3995 413.0000 
  0.8421   0.0000  57.0000 
  0.7944   0.1107 569.0000 
  0.6780   0.5320 500.0000 
  0.7008   0.5840 488.0000 
  0.6584   0.2478 565.0000 
  0.7049   0.3311 305.0000 
  0.7805   0.2585 205.0000 
  0.6646   0.5677 495.0000 
  0.7282   0.2275 655.0000 
  0.8507   0.0000 556.0000 
  0.7828   0.3298 373.0000 
  0.7618   0.2165 508.0000 
  0.6713   0.4071 1162.0000 
  0.6438   0.9623 1008.0000 
  0.6694   0.2661 124.0000 
  0.6579   0.7057 418.0000 
  0.6438   0.0000  73.0000 
  0.4050   0.5620 121.0000 
  0.5127   0.9624 825.0000 
  0.4509   0.9382 550.0000 
  0.6843   0.1239 662.0000 
  0.6040   0.6007 596.0000 
  0.6593   0.0201 945.0000 
  0.5654   0.7686 497.0000 
  0.3407   1.0000 226.0000 
  0.7314   0.2357 1154.0000 
  0.6616   0.3945 659.0000 
  0.6730   0.4545 627.0000 
  0.6897   0.0000 493.0000 
  0.5745   0.2734 940.0000 
  0.5507   0.2152 739.0000 
  0.7733   0.0000 419.0000 
  0.5492   0.1803 122.0000 
  0.5745   0.0426  47.0000 
  0.5455   0.3030  33.0000 
  0.6793   0.4369 396.0000 
  0.7037   0.2698 189.0000 
  0.5897   0.1277 368.0000 
  0.6729   0.3834 373.0000 
  0.6814   0.0820 317.0000 
  0.6568   0.0159 440.0000 
  0.7282   0.0218 412.0000 
  0.6471   0.0000 187.0000 
  0.6888   0.3434 498.0000 
  0.7736   0.1780 455.0000 
  0.7328   0.0229 131.0000 
  0.6636   0.0477 1406.0000 
  0.6792   0.5086 639.0000 
  0.6633   0.3568 199.0000 
  0.7124   0.3925 372.0000 
  0.6630   0.2120 552.0000 
  0.6368   0.2836 201.0000 
  0.7882   0.2471  85.0000 
  0.6813   0.0000 160.0000 
  0.7151   0.2027 1169.0000 
  0.6678   0.3772 912.0000 
  0.5464   0.6392  97.0000 
  0.6842   0.6938 209.0000 
  0.6501   0.6766 903.0000 
  0.5877   0.8054 781.0000 
  0.7642   0.2642 106.0000 
  0.7056   0.2525 788.0000 
  0.6901   0.5380 171.0000 
  0.8051   0.1864 118.0000 
  0.6608   0.8241 398.0000 
  0.8042   0.4458 240.0000 
  0.6537   0.2627 335.0000 
  0.7292   0.4375  48.0000 
  0.7246   0.2569 541.0000 
  0.6436   0.5792 404.0000 
  0.7246   0.6229 236.0000 
  0.7549   0.4783 253.0000 
  0.6667   0.2692  78.0000 
  0.7482   0.5971 139.0000 
  0.7373   0.0041 491.0000 
  0.6810   0.4911 790.0000 
  0.6301   0.0000 146.0000 
  0.7189   0.2865 370.0000 
  0.6205   0.3253 332.0000 
  0.5528   0.2317 246.0000 
  0.6606   0.8408 710.0000 
  0.6258   0.8790 620.0000 
  0.6517   0.9813 534.0000 
  0.4722   0.7731 216.0000 
  0.5396   0.9455 606.0000 
  0.6844   0.0681 602.0000 
  0.6844   0.0251 716.0000 
  0.6929   0.9895 762.0000 
  0.5390   0.3439 410.0000 
  0.6062   0.9402 485.0000 
  0.5833   0.9389 360.0000 
  0.7698   0.9798 643.0000 
  0.7246   0.9887 621.0000 
  0.7037   0.9832 594.0000 
  0.7233   0.9867 900.0000 
  0.6688   0.9180 634.0000 
  0.6264   0.7303 356.0000 
  0.5550   0.7852 391.0000 
  0.6067   0.8839 534.0000 
  0.5833   0.6698 324.0000 
  0.6586   0.8039 413.0000 
  0.5563   0.5518 444.0000 
  0.6761   0.5777 457.0000 
  0.6783   0.2535 718.0000 
  0.6687   0.2217 812.0000 
  0.6667   0.3007 429.0000 
  0.6181   0.8187 728.0000 
  0.6805   0.4759 601.0000 
  0.7109   0.6534 678.0000 
  0.6793   0.9058 711.0000 
  0.6405   0.3002 523.0000 
  0.6610   0.3068 528.0000 
  0.6431   0.9964 835.0000 
  0.7449   0.0243 741.0000 
  0.7466   0.0000 580.0000 
  0.7617   0.0034 596.0000 
  0.7431   0.0194 619.0000 
  0.6490   0.3821 547.0000 
  0.6286   0.3946 517.0000 
  0.5866   0.3370 641.0000 
  0.6242   0.3773 652.0000 
  0.6225   0.3452 898.0000 
  0.6197   0.6890 447.0000 
  0.6110   0.6234 401.0000 
  0.7784   0.0035 564.0000 
  0.7155   0.1115 798.0000 
  0.6875   0.0929 1120.0000 
  0.7591   0.0015 656.0000 
  0.7161   0.0099 708.0000 
  0.4015   0.0808 1163.0000 
  0.6890   0.9937 791.0000 
  0.3981   0.2038 422.0000 
  0.5011   0.1991 447.0000 
  0.4321   0.2107 560.0000 
  0.4278   0.2444 540.0000 
  0.7492   0.0016 614.0000 
  0.7143   0.0018 560.0000 
  0.7839   0.0067 597.0000 
  0.7643   0.0018 560.0000 
  0.7545   0.0060 994.0000 
  0.7667   0.0011 926.0000 
  0.7234   0.5781 723.0000 
  0.6843   0.5689 624.0000 
  0.6403   0.9893 467.0000 
  0.6353   0.9933 447.0000 
  0.7500   0.0016 612.0000 
  0.7544   0.0032 631.0000 
  0.7312   0.0246 651.0000 
  0.7564   0.0186 698.0000 
  0.7332   0.0252 596.0000 
  0.7603   0.0227 484.0000 
  0.7268   0.0524 992.0000 
  0.7398   0.0322 1026.0000 
  0.7180   0.0103 773.0000 
  0.6999   0.0054 933.0000 
  0.7212   0.0050 599.0000 
  0.7800   0.0127 550.0000 
  0.7709   0.0393 611.0000 
  0.7037   0.1461 486.0000 
  0.6778   0.1580 481.0000 
  0.6891   0.9910 669.0000 
  0.7199   0.0101 989.0000 
  0.7147   0.0042 715.0000 
  0.6913   0.6100 800.0000 
  0.7251   0.9725 291.0000 
  0.6934   0.9962 1047.0000 
  0.6549   0.0168 594.0000 
  0.6720   0.0252 872.0000 
  0.7454   0.0000 377.0000 
  0.6881   0.9316 497.0000 
  0.7116   0.9850 735.0000 
  0.6782   0.0149 808.0000 
  0.6256   0.0188 796.0000 
  0.6498   0.9885 611.0000 
  0.7357   0.0196 613.0000 
  0.6742   0.0090 666.0000 
  0.7278   0.0127 709.0000 
  0.7011   0.0202 890.0000 
  0.7128   0.0087 578.0000 
  0.7219   0.0218 597.0000 
  0.7093   0.0122 492.0000 
  0.7377   0.4084 835.0000 
  0.7509   0.4502 542.0000 
  0.7617   0.0104 575.0000 
  0.7482   0.0109 552.0000 
  0.7542   0.0102 590.0000 
  0.7566   0.0181 1105.0000 
  0.7369   0.0200 1148.0000 
  0.7351   0.0069 872.0000 
  0.7551   0.0285 841.0000 
  0.6757   0.4401 1218.0000 
  0.6812   0.4776 781.0000 
  0.6974   0.4155 1018.0000 
  0.7597   0.5124 849.0000 
  0.7081   0.0748 1069.0000 
  0.8018   0.0385 338.0000 
  0.7536   0.0000 345.0000 
  0.6674   0.0508 472.0000 
  0.7140   0.0247 930.0000 
  0.6008   0.1422 1062.0000 
  0.7693   0.0323 711.0000 
  0.7364   0.0667 899.0000 
  0.7807   0.0444 766.0000 
  0.7464   0.0707 891.0000 
  0.7087   0.0312 769.0000 
  0.7097   0.0478 627.0000 
  0.6429   0.8748 1246.0000 
  0.6438   0.8541 1179.0000 
  0.6416   0.9900 798.0000 
  0.6284   0.9914 584.0000 
  0.6904   0.9984 633.0000 
  0.7354   0.9938 650.0000 
  0.7224   0.0488 389.0000 
  0.5906   0.2016 640.0000 
  0.6816   0.0102 490.0000 
  0.6651   0.0281 1066.0000 
  0.6131   0.9965 853.0000 
  0.6690   0.9895 574.0000 
  0.6253   0.9931 435.0000 
  0.6718   0.1964 387.0000 
  0.3567   0.9963 1629.0000 
  0.3522   0.9895 1519.0000 
  0.6556   0.9960 1501.0000 
  0.6707   0.9967 1230.0000 
  0.7382   0.4234 829.0000 
  0.7271   0.3913 667.0000 
  0.7166   0.0816 748.0000 
  0.7243   0.1311 885.0000 
  0.7440   0.0750 707.0000 
  0.7407   0.1216 806.0000 
  0.7227   0.3006 1540.0000 
  0.7342   0.3372 1708.0000 
  0.7655   0.4041 631.0000 
  0.7198   0.4026 621.0000 
  0.7237   0.0472 847.0000 
  0.7577   0.0617 875.0000 
  0.6968   0.3796 1283.0000 
  0.7108   0.3916 1269.0000 
  0.7487   0.3243 1520.0000 
  0.7822   0.3616 1134.0000 
  0.7974   0.2039 775.0000 
  0.7778   0.1818 792.0000 
  0.7114   0.4250 953.0000 
  0.7032   0.4664 1085.0000 
  0.7169   0.3585 703.0000 
  0.7133   0.5076 593.0000 
  0.7003   0.3688 724.0000 
  0.6651   0.3997 633.0000 
  0.7473   0.0981 1009.0000 
  0.7007   0.8776 588.0000 
  0.7365   0.8057 592.0000 
  0.6562   0.1734 1021.0000 
  0.6821   0.1889 736.0000 
  0.7454   0.9080 326.0000 
  0.7672   0.0408 1177.0000 
  0.6341   0.9951 1025.0000 
  0.7136   0.7404 674.0000 
  0.7021   0.8347 950.0000 
  0.7557   0.0048 1445.0000 
  0.7676   0.0071 1265.0000 
  0.7536   0.0117 1112.0000 
  0.7430   0.0058 1035.0000 
  0.5726   0.0598 1640.0000 
  0.7096   0.0229 1918.0000 
  0.7095   0.0299 2010.0000 
  0.7340   0.0188 1545.0000 
  0.7134   0.0127 1413.0000 
  0.6946   0.0805 2063.0000 
  0.6943   0.1131 1848.0000 
  0.6511   0.0629 1734.0000 
  0.6538   0.0826 1912.0000 
  0.5569   0.1569 2090.0000 
  0.5315   0.1792 1507.0000 
  0.7433   0.1356 900.0000 
  0.7469   0.2225 719.0000 
  0.7386   0.1351 681.0000 
  0.7333   0.1626 855.0000 
  0.7813   0.0168 951.0000 
  0.7632   0.0202 1191.0000 
  0.7876   0.0097 1036.0000 
  0.7692   0.0123 1135.0000 
  0.6698   0.0447 963.0000 
  0.6349   0.0549 819.0000 
  0.6430   0.0302 1028.0000 
  0.6405   0.0497 765.0000 
  0.7184   0.0163 799.0000 
  0.6988   0.0196 767.0000 
  0.7309   0.0158 695.0000 
  0.6815   0.0169 650.0000 
  0.7232   0.0574 1167.0000 
  0.7245   0.0287 871.0000 
  0.7106   0.0148 881.0000 
  0.7167   0.0123 893.0000 
  0.7563   0.0036 829.0000 
  0.7589   0.0114 701.0000 
  0.7218   0.0136 737.0000 
  0.6948   0.0032 616.0000 
  0.7228   0.0187 534.0000 
  0.7173   0.0220 1001.0000 
  0.7198   0.0169 885.0000 
  0.7173   0.0190 1107.0000 
  0.6826   0.0334 838.0000 
  0.6852   0.0639 1080.0000 
  0.6572   0.0506 1126.0000 
  0.6783   0.0386 830.0000 
  0.6873   0.0661 726.0000 
  0.6528   0.5774 265.0000 
  0.5957   0.1319 235.0000 
  0.7599   0.0220 454.0000 
  0.6809   0.5532  94.0000 
  0.5665   0.2468 316.0000 
  0.5523   0.5732 239.0000 
  0.7639   0.0149 538.0000 
  0.7083   0.3583 240.0000 
  0.6448   0.8806 335.0000 
  0.7000   0.1913 460.0000 
  0.6721   0.9047 619.0000 
  0.6235   0.8750 680.0000 
  0.6327   0.9883 599.0000 
  0.6635   0.8795 639.0000 
  0.6992   0.0120 502.0000 
  0.5887   0.2908 282.0000 
  0.6390   0.0888 349.0000 
  0.5697   0.4599 337.0000 
  0.6493   0.3697 211.0000 
  0.6502   0.2882 406.0000 
  0.5811   0.3108 444.0000 
  0.6614   0.2489 446.0000 
  0.5770   0.1106 669.0000 
  0.6282   0.0519 347.0000 
  0.7013   0.4908 760.0000 
  0.6372   0.4590 634.0000 
  0.5721   0.6140 430.0000 
  0.6211   0.3789  95.0000 
  0.6773   0.2409 220.0000 
  0.7344   0.2969 128.0000 
  0.6798   0.4247 737.0000 
  0.6569   0.5015 682.0000 
  0.6414   0.3135 909.0000 
  0.7500   0.0500 120.0000 
  0.7226   0.3295 786.0000 
  0.6511   0.5728 536.0000 
  0.6708   0.3900 641.0000 
  0.7921   0.1714 630.0000 
  0.6806   0.4352 216.0000 
  0.7743   0.1829 350.0000 
  0.7412   0.4000 680.0000 
  0.7921   0.1089 404.0000 
  0.8052   0.0728 426.0000 
  0.7577   0.1207 1110.0000 
  0.7324   0.2375 598.0000 
  0.7497   0.2916 775.0000 
  0.7755   0.0388 490.0000 
  0.7304   0.9908 1083.0000 
  0.7429   0.8898 490.0000 
  0.7370   0.0751 559.0000 
  0.7731   0.0482 498.0000 
  0.8085   0.2872 470.0000 
  0.7908   0.1830 153.0000 
  0.7556   0.5353 1203.0000 
  0.7886   0.0936 577.0000 
  0.7179   0.6630 273.0000 
  0.6482   0.1060 415.0000 
  0.6957   0.0304 723.0000 
  0.6905   0.2333 420.0000 
  0.7037   0.0046 216.0000 
  0.8126   0.3818 571.0000 
  0.7579   0.2505 475.0000 
  0.7743   0.2308 793.0000 
  0.7557   0.1194 1281.0000 
  0.7023   0.1722 598.0000 
  0.6908   0.0838 346.0000 
  0.7557   0.6126 573.0000 
  0.7695   0.2006 334.0000 
  0.7431   0.0694 144.0000 
  0.7347   0.0047 1063.0000 
  0.8138   0.1053 247.0000 
  0.7155   0.0674 341.0000 
  0.7725   0.0000 167.0000 
  0.6044   0.1822 450.0000 
  0.6612   0.1565 735.0000 
  0.7025   0.0316 316.0000 
  0.7753   0.0000 485.0000 
  0.8022   0.0000  91.0000 
  0.7082   0.3367 490.0000 
  0.6750   0.1189 757.0000 
  0.7034   0.0330 971.0000 
  0.6909   0.2000 165.0000 
  0.6705   0.2521 349.0000 
  0.7133   0.0608 757.0000 
  0.6026   0.4471 463.0000 
  0.6075   0.6007 586.0000 
  0.6612   0.2134 1092.0000 
  0.7466   0.0068 146.0000 
  0.6780   0.3755 767.0000 
  0.6234   0.7565 308.0000 
  0.7157   0.1855 415.0000 
  0.7003   0.0000 337.0000 
  0.6661   0.1097 611.0000 
  0.7072   0.0991 666.0000 
  0.6944   0.0295 576.0000 
  0.6744   0.1256 780.0000 
  0.7080   0.0097 411.0000 
  0.7674   0.0000 430.0000 
  0.6172   0.8956 546.0000 
  0.5811   0.8946 721.0000 
  0.6806   0.2476 836.0000 
  0.7693   0.1825 685.0000 
  0.6955   0.2115 312.0000 
  0.7719   0.0000 320.0000 
  0.7457   0.0000 346.0000 
  0.6845   0.1900 637.0000 
  0.7228   0.0050 202.0000 
  0.5792   0.8443 1060.0000 
  0.7702   0.3975 161.0000 
  0.6312   0.4935 385.0000 
  0.6566   0.0000 265.0000 
  0.6335   0.0000 603.0000 
  0.6898   0.0050 403.0000 
  0.6881   0.0000 452.0000 
  0.7500   0.0000 300.0000 
  0.7527   0.0000  93.0000 
  0.6536   0.0335 179.0000 
  0.7337   0.0000 984.0000 
  0.6651   0.0000 633.0000 
  0.7629   0.0000  97.0000 
  0.6993   0.0000 572.0000 
  0.7150   0.0000 200.0000 
  0.6797   0.0000 153.0000 
  0.6667   0.0000 165.0000 
  0.6378   0.0000 196.0000 
  0.7373   0.0000 118.0000 
  0.7598   0.0000 179.0000 
  0.7099   0.0000 162.0000 
  0.6883   0.0000  77.0000 
  0.6695   0.0000 354.0000 
  0.7500   0.0000 132.0000 
  0.6875   0.0000  96.0000 
  0.6771   0.0000 223.0000 
  0.5383   0.9820 665.0000 
  0.5320   0.9733 562.0000 
  0.4960   0.7287 881.0000 
  0.6000   0.1522 1005.0000 
  0.5088   0.3833 1140.0000 
  0.6757   0.0974 1437.0000 
  0.6240   0.1560 1032.0000 
  0.5668   0.6623 681.0000 
  0.6253   0.5519 491.0000 
  0.5614   0.8944 928.0000 
  0.6092   0.1062 998.0000 
  0.6308   0.1901 910.0000 
  0.6539   0.0590 627.0000 
  0.7658   0.0090 333.0000 
  0.6202   0.1214 840.0000 
  0.6396   0.1688 1096.0000 
  0.6836   0.1640 866.0000 
  0.7246   0.0052 966.0000 
  0.7533   0.0044 908.0000 
  0.6729   0.0053 752.0000 
  0.6453   0.1894 1156.0000 
  0.6959   0.0558 1039.0000 
  0.6510   0.7653 490.0000 
  0.6545   0.1900 521.0000 
  0.6556   0.2601 1115.0000 
  0.6486   0.2811 811.0000 
  0.6390   0.1426 554.0000 
  0.6746   0.2424 590.0000 
  0.6947   0.1976 845.0000 
  0.7280   0.0758 805.0000 
  0.6140   0.1075 456.0000 
  0.7549   0.0760 408.0000 
  0.7712   0.2598 612.0000 
  0.7411   0.3100 1016.0000 
  0.7219   0.5031 320.0000 
  0.6904   0.6773 1069.0000 
  0.6810   0.9026 1047.0000 
  0.7059   0.6150 891.0000 
  0.5846   0.2422 1247.0000 
  0.7562   0.1750 160.0000 
  0.6643   0.1424 1138.0000 
  0.6722   0.0972 360.0000 
  0.6602   0.0822 1180.0000 
  0.6284   0.0445 1055.0000 
  0.6203   0.0062 482.0000 
  0.6687   0.0231 649.0000 
  0.7905   0.7851 377.0000 
  0.8546   0.5306 784.0000 
  0.8548   0.5776 606.0000 
  0.8338   0.0714 686.0000 
  0.8517   0.3305 236.0000 
  0.8802   0.8760 726.0000 
  0.7544   0.7895 285.0000 
  0.8048   0.3846 871.0000 
  0.7735   0.2197 874.0000 
  0.8719   0.0264 531.0000 
  0.8569   0.0070 713.0000 
  0.7928   0.9834 782.0000 
  0.7682   0.6985 1277.0000 
  0.7547   0.2504 591.0000 
  0.8014   0.7799 695.0000 
  0.7890   0.4864 1180.0000 
  0.8434   0.0051 198.0000 
  0.7599   0.9040 708.0000 
  0.7143   0.1122  98.0000 
  0.8146   0.2330 631.0000 
  0.7606   0.3811 1299.0000 
  0.8096   0.4019 520.0000 
  0.8289   0.0302 298.0000 
  0.8040   0.4733 505.0000 
  0.6667   0.3333  30.0000 
  0.7991   0.7188 224.0000 
  0.8509   0.4978 691.0000 
  0.8211   0.0000 777.0000 
  0.8687   0.0000 617.0000 
  0.7813   0.0379 343.0000 
  0.8353   0.6687 1008.0000 
  0.8333   0.7042 612.0000 
  0.8333   0.0072 138.0000 
  0.7428   0.0757 727.0000 
  0.7567   0.5940 596.0000 
  0.7374   0.3129 278.0000 
  0.6364   0.0000 110.0000 
  0.7053   0.2910 543.0000 
  0.7129   0.3796 411.0000 
  0.7911   0.0188 584.0000 
  0.8195   0.0248 565.0000 
  0.7829   0.0181 387.0000 
  0.7429   0.0000 245.0000 
  0.7585   0.0031 646.0000 
  0.7216   0.3814 194.0000 
  0.8000   0.0068 590.0000 
  0.8337   0.0095 421.0000 
  0.7561   0.0019 529.0000 
  0.8398   0.2549 412.0000 
  0.7073   0.0163 246.0000 
  0.7744   0.8855 297.0000 
  0.7796   0.9959 245.0000 
  0.7861   0.4527 201.0000 
  0.7540   0.9175 691.0000 
  0.7599   0.8079 354.0000 
  0.4422   0.0544 147.0000 
  0.5570   0.1904 772.0000 
  0.6287   0.1281 851.0000 
  0.5708   0.7468 466.0000 
  0.7340   0.0252 515.0000 
  0.5758   0.5162 554.0000 
  0.5944   0.7231 1134.0000 
  0.6166   0.3516 819.0000 
  0.6223   0.0623 1075.0000 
  0.7258   0.0140 1353.0000 
  0.5638   0.3158 1371.0000 
  0.4030   0.2915 861.0000 
  0.6456   0.0818 1332.0000 
  0.5449   0.1760 1358.0000 
  0.6379   0.1060 1207.0000 
  0.6355   0.0320 1188.0000 
  0.6793   0.0250 1562.0000 
  0.6358   0.0296 1046.0000 
  0.6821   0.0173 865.0000 
  0.6123   0.0622 1687.0000 
  0.6643   0.0334 1287.0000 
  0.5294   0.1765 153.0000 
  0.5850   0.1804 2140.0000 
  0.5950   0.0750 400.0000 
  0.6808   0.0293 614.0000 
  0.6755   0.2686 376.0000 
  0.6022   0.9696 1086.0000 
  0.5462   0.3422 1397.0000 
  0.4572   0.3691 1146.0000 
  0.7073   0.0688 1322.0000 
  0.5178   0.1897 1012.0000 
  0.6172   0.1773 1032.0000 
  0.6660   0.0298 470.0000 
  0.6841   0.0378 1456.0000 
  0.6799   0.1104 906.0000 
  0.7286   0.0000 350.0000 
  0.6066   0.0055 549.0000 
  0.6806   0.0065 1550.0000 
  0.5804   0.2017 1616.0000 
  0.5811   0.1980 1843.0000 
  0.7237   0.0493 771.0000 
  0.6007   0.2195 1157.0000 
  0.6421   0.2833 992.0000 
  0.6827   0.1548 1021.0000 
  0.5907   0.1347 965.0000 
  0.5555   0.7687 1163.0000 
  0.6209   0.1240 968.0000 
  0.6290   0.1437 1628.0000 
  0.6270   0.0611 1343.0000 
  0.5990   0.0900 1045.0000 
  0.6506   0.0538 1451.0000 
  0.6192   0.0923 856.0000 
  0.5737   0.6681 678.0000 
  0.6241   0.9945 721.0000 
  0.6012   0.9962 1314.0000 
  0.5800   0.9919 1112.0000 
  0.6031   0.1866 1227.0000 
  0.6391   0.3795 1502.0000 
  0.5156   0.8447 1249.0000 
  0.6277   0.1360 419.0000 
  0.6405   0.0217 1107.0000 
  0.6147   0.0323 1456.0000 
  0.6667   0.0136 588.0000 
  0.5807   0.0091 768.0000 
  0.5732   0.0000 785.0000 
  0.5331   0.4770 499.0000 
  0.5989   0.2773 880.0000 
  0.6415   0.0692 982.0000 
  0.6146   0.0612 1715.0000 
  0.6200   0.9964 1371.0000 
  0.7174   0.1196 276.0000 
  0.5615   0.9930 1147.0000 
  0.6229   0.3677 960.0000 
  0.6440   0.0182 604.0000 
  0.5816   0.1334 1649.0000 
  0.5110   0.6230 1358.0000 
  0.6475   0.0052 573.0000 
  0.7062   0.0032 616.0000 
  0.7077   0.1790 609.0000 
  0.5918   0.0639 485.0000 
  0.5955   0.0000 267.0000 
  0.7568   0.0000 111.0000 
  0.6453   0.1860 172.0000 
  0.7439   0.0554 289.0000 
  0.5556   0.0139 216.0000 
  0.6901   0.0620 242.0000 
  0.7917   0.0909 264.0000 
  0.7238   0.0000 210.0000 
  0.6680   0.6881 497.0000 
  0.6105   0.1344 439.0000 
  0.6051   0.7500 352.0000 
  0.7467   0.2667 225.0000 
  0.6651   0.0142 424.0000 
  0.7235   0.0034 293.0000 
  0.7351   0.0000 521.0000 
  0.8138   0.0000 349.0000 
  0.8112   0.0000 286.0000 
  0.7060   0.0309 517.0000 
  0.7684   0.0000 285.0000 
  0.5542   0.0100 803.0000 
  0.6824   0.0000 592.0000 
  0.7054   0.0014 740.0000 
  0.7600   0.0000 325.0000 
  0.7316   0.0000 529.0000 
  0.7193   0.0000 431.0000 
  0.7022   0.0000 883.0000 
  0.7442   0.0000 684.0000 
  0.7185   0.0000 579.0000 
  0.7221   0.0000 457.0000 
  0.7855   0.0017 606.0000 
  0.7504   0.0015 669.0000 
  0.7700   0.0039 761.0000 
  0.7275   0.0090 888.0000 
  0.7579   0.0000 603.0000 
  0.7490   0.0000 494.0000 
  0.7368   0.0054 551.0000 
  0.7084   0.0046 439.0000 
  0.7718   0.0000 618.0000 
  0.7143   0.0088 455.0000 
  0.7794   0.0017 603.0000 
  0.7612   0.0105 381.0000 
  0.6915   0.0381 1102.0000 
  0.6402   0.9894 189.0000 
  0.7515   0.0000 499.0000 
  0.7894   0.0128 470.0000 
  0.7659   0.0015 675.0000 
  0.7898   0.0054 371.0000 
  0.7368   0.0094 532.0000 
  0.7151   0.0057 1218.0000 
  0.6511   0.0221 1178.0000 
  0.7240   0.0117 768.0000 
  0.7061   0.0015 667.0000 
  0.6402   0.0212 1320.0000 
  0.7620   0.0000 626.0000 
  0.7509   0.0068 879.0000 
  0.7426   0.0010 1041.0000 
  0.7267   0.0030 666.0000 
  0.7452   0.0083 722.0000 
  0.7102   0.0057 880.0000 
  0.7331   0.0062 487.0000 
  0.7555   0.0000 593.0000 
  0.6790   0.0000 433.0000 
  0.7219   0.0019 525.0000 
  0.7062   0.0603 531.0000 
  0.7143   0.0031 637.0000 
  0.7355   0.0000 722.0000 
  0.6022   0.0409 538.0000 
  0.7674   0.0017 589.0000 
  0.7241   0.0172 870.0000 
  0.7397   0.0065 918.0000 
  0.6746   0.0146 1094.0000 
  0.7793   0.0023 1296.0000 
  0.7601   0.0000 617.0000 
  0.6296   0.5461 683.0000 
  0.6866   0.9935 1222.0000 
  0.7727   0.0000 1443.0000 
  0.5808   0.8053 637.0000 
  0.6767   0.9630 433.0000 
  0.7340   0.0000 312.0000 
  0.6798   0.6096 228.0000 
  0.6506   0.0186 538.0000 
  0.7708   0.0000 445.0000 
  0.6738   0.8336 751.0000 
  0.7270   0.0349 773.0000 
  0.7905   0.0000 377.0000 
  0.6472   0.1587 479.0000 
  0.7449   0.0763 878.0000 
  0.7542   0.0000 1180.0000 
  0.6989   0.1176 621.0000 
  0.7243   0.0015 671.0000 
  0.7617   0.0022 898.0000 
  0.6890   0.0556 971.0000 
  0.7287   0.0000 376.0000 
  0.7541   0.0014 724.0000 
  0.6998   0.0506 633.0000 
  0.7015   0.0000 891.0000 
  0.8097   0.0015 662.0000 
  0.6746   0.0397 1008.0000 
  0.7246   0.0022 904.0000 
  0.7017   0.0037 808.0000 
  0.7740   0.0095 845.0000 
  0.7302   0.0428 771.0000 
  0.7308   0.0702 769.0000 
  0.7322   0.0237 844.0000 
  0.7475   0.0186 1291.0000 
  0.7490   0.0082 490.0000 
  0.7664   0.0109 732.0000 
  0.6973   0.0179 446.0000 
  0.4957   0.2826 230.0000 
  0.7523   0.0008 1316.0000 
  0.5006   0.1848 909.0000 
  0.7393   0.0000 1308.0000 
  0.6250   0.1794 496.0000 
  0.5801   0.9920 624.0000 
  0.6253   0.0923 379.0000 
  0.6471   0.0338 918.0000 
  0.6718   0.0427 1030.0000 
  0.6316   0.0368 923.0000 
  0.6709   0.0503 796.0000 
  0.6323   0.0643 1447.0000 
  0.6647   0.0598 1187.0000 
  0.5979   0.0336 1726.0000 
  0.6476   0.0257 857.0000 
  0.6383   0.0519 1059.0000 
  0.6937   0.0413 653.0000 
  0.6901   0.0051 2162.0000 
  0.6424   0.0232 1208.0000 
  0.6760   0.0238 1176.0000 
  0.5995   0.0798 2192.0000 
  0.7045   0.6832 423.0000 
  0.6855   0.0206 1167.0000 
  0.5581   0.0364 878.0000 
  0.7757   0.0000 896.0000 
  0.7017   0.0033 600.0000 
  0.7218   0.0019 514.0000 
  0.7995   0.0053 758.0000 
  0.7725   0.0000 800.0000 
  0.7726   0.0000 985.0000 
  0.7938   0.0000 747.0000 
  0.8031   0.0000 508.0000 
  0.7551   0.0015 682.0000 
  0.7839   0.0015 671.0000 
  0.7810   0.0000 758.0000 
  0.7823   0.0000 441.0000 
  0.7853   0.0000 899.0000 
  0.7550   0.0133 751.0000 
  0.7817   0.0025 797.0000 
  0.7442   0.0000 954.0000 
  0.7297   0.0098 714.0000 
  0.7081   0.0072 555.0000 
  0.7241   0.0043 1167.0000 
  0.7371   0.0000 1354.0000 
  0.7715   0.0014 1409.0000 
  0.6409   0.0264 607.0000 
  0.7941   0.0074 539.0000 
  0.7828   0.0013 778.0000 
  0.7271   0.0007 1506.0000 
  0.7307   0.0015 1292.0000 
  0.7480   0.0026 1151.0000 
  0.7229   0.0241 332.0000 
  0.7535   0.0025 791.0000 
  0.7048   0.0127 786.0000 
  0.7493   0.0102 686.0000 
  0.7578   0.0000 739.0000 
  0.7260   0.0020 511.0000 
  0.6731   0.0000 884.0000 
  0.7430   0.0000 1066.0000 
  0.7543   0.0017 578.0000 
  0.6168   0.0454 882.0000 
  0.7500   0.0038 792.0000 
  0.7352   0.0017 1186.0000 
  0.8120   0.0000 601.0000 
  0.6040   0.0419 596.0000 
  0.7591   0.0029 685.0000 
  0.7248   0.0092 545.0000 
  0.7449   0.0015 682.0000 
  0.6440   0.0027 1503.0000 
  0.7383   0.0517 619.0000 
  0.7340   0.0930 688.0000 
  0.7035   0.1105 1366.0000 
  0.7316   0.0316 190.0000 
  0.5935   0.8714 1299.0000 
  0.6456   0.0183 1092.0000 
  0.7006   0.0173 1446.0000 
  0.6912   0.0500 1279.0000 
  0.6815   0.1952 1281.0000 
  0.7553   0.0155 903.0000 
  0.7300   0.0773 789.0000 
  0.7724   0.1747 870.0000 
  0.7682   0.9735 302.0000 
  0.8105   0.0196 153.0000 
  0.6752   0.2954 545.0000 
  0.7020   0.0000 151.0000 
  0.6651   0.0191 209.0000 
  0.6796   0.0497 181.0000 
  0.6874   0.2728 1305.0000 
  0.7021   0.0733 846.0000 
  0.7257   0.1733 525.0000 
  0.7846   0.0000  65.0000 
  0.6532   0.0081 372.0000 
  0.6514   0.0781 832.0000 
  0.7459   0.0486 185.0000 
  0.7707   0.3160 1234.0000 
  0.7023   0.3696 974.0000 
  0.6755   0.1214 832.0000 
  0.6928   0.1301 830.0000 
  0.6651   0.1121 642.0000 
  0.7101   0.0612 997.0000 
  0.7003   0.0834 971.0000 
  0.6549   0.3245 678.0000 
  0.6497   0.3699 765.0000 
  0.7033   0.2615 738.0000 
  0.6990   0.1639 671.0000 
  0.6703   0.1386 743.0000 
  0.6849   0.1539 968.0000 
  0.6659   0.1595 928.0000 
  0.6508   0.2007 862.0000 
  0.7261   0.2270 555.0000 
  0.7129   0.1586 599.0000 
  0.7197   0.2844 735.0000 
  0.7189   0.2562 402.0000 
  0.6526   0.0674 475.0000 
  0.7256   0.0435 1035.0000 
  0.7073   0.0520 885.0000 
  0.5946   0.0452 597.0000 
  0.5463   0.0698 659.0000 
  0.7556   0.0247 810.0000 
  0.6169   0.0671 462.0000 
  0.8483   0.0393 178.0000 
  0.6416   0.0322 1024.0000 
  0.6663   0.1776 839.0000 
  0.6744   0.1555 688.0000 
  0.6802   0.1537 566.0000 
  0.6951   0.1585 246.0000 
  0.6973   0.0624 882.0000 
  0.7328   0.1267 726.0000 
  0.5533   0.8472 779.0000 
  0.5705   0.9785 1071.0000 
  0.5745   0.8420 557.0000 
  0.5935   0.8010 588.0000 
  0.5543   0.9152 920.0000 
  0.6350   0.2255 337.0000 
  0.6007   0.4362 1222.0000 
  0.5841   0.7632 832.0000 
  0.5687   0.7382 932.0000 
  0.5690   0.8972 710.0000 
  0.6073   0.9355 713.0000 
  0.5402   0.7781 311.0000 
  0.6061   0.3124 957.0000 
  0.5744   0.9895 571.0000 
  0.5374   0.9867 601.0000 
  0.5779   0.6405 879.0000 
  0.5966   0.3277 357.0000 
  0.6869   0.0062 642.0000 
  0.6702   0.0223 761.0000 
  0.4790   0.1432 405.0000 
  0.4628   0.1736 484.0000 
  0.5259   0.1739 483.0000 
  0.4746   0.4644 295.0000 
  0.5784   0.1742 287.0000 
  0.5127   0.4764 275.0000 
  0.5232   0.3179 151.0000 
  0.7259   0.0016 642.0000 
  0.7334   0.0097 619.0000 
  0.6602   0.3068 665.0000 
  0.6746   0.3121 676.0000 
  0.5599   0.6510 384.0000 
  0.6168   0.0759 843.0000 
  0.5761   0.0577 762.0000 
  0.7475   0.0140 1002.0000 
  0.7066   0.0199 702.0000 
  0.6823   0.0013 787.0000 
  0.6728   0.0522 651.0000 
  0.6827   0.0451 665.0000 
  0.6672   0.0108 649.0000 
  0.6400   0.0344 814.0000 
  0.6368   0.0507 749.0000 
  0.5959   0.0483 829.0000 
  0.6387   0.0654 764.0000 
  0.6312   0.0717 892.0000 
  0.7201   0.0012 854.0000 
  0.7066   0.0013 784.0000 
  0.7035   0.0054 742.0000 
  0.6461   0.0118 763.0000 
  0.6838   0.0077 778.0000 
  0.6186   0.0242 1159.0000 
  0.7386   0.0158 505.0000 
  0.6307   0.0076 658.0000 
  0.6864   0.0412 558.0000 
  0.7374   0.0029 693.0000 
  0.7216   0.0107 844.0000 
  0.6549   0.0126 1188.0000 
  0.6914   0.0023 1319.0000 
  0.6499   0.0052 1354.0000 
  0.6016   0.0433 1594.0000 
  0.5830   0.0677 813.0000 
  0.7011   0.0446 1211.0000 
  0.6473   0.0324 1018.0000 
  0.5229   0.0261 153.0000 
  0.6017   0.0814 1499.0000 
  0.6117   0.0340 940.0000 
  0.6367   0.1465 1024.0000 
  0.6460   0.1186 582.0000 
  0.6632   0.1619 766.0000 
  0.7262   0.0381 946.0000 
  0.7252   0.4485 1059.0000 
  0.6065   0.0437 1075.0000 
  0.6521   0.0268 710.0000 
  0.6561   0.0424 660.0000 
  0.5497   0.0994 1308.0000 
  0.5409   0.0866 1259.0000 
  0.6588   0.0565 425.0000 
  0.5857   0.0452 420.0000 
  0.7546   0.0645 713.0000 
  0.7749   0.0685 1226.0000 
  0.7867   0.0694 994.0000 
  0.6650   0.6350 400.0000 
  0.7705   0.1947 488.0000 
  0.8048   0.0530 661.0000 
  0.7988   0.0671 1342.0000 
  0.7378   0.2287 656.0000 
  0.7799   0.1003 309.0000 
  0.7090   0.7177 457.0000 
  0.7724   0.4810 738.0000 
  0.7458   0.6252 771.0000 
  0.7859   0.1009 327.0000 
  0.8275   0.0147 748.0000 
  0.7846   0.0785 1337.0000 
  0.7701   0.0423 757.0000 
  0.7555   0.0888 642.0000 
  0.7293   0.0092 761.0000 
  0.7308   0.1149 1044.0000 
  0.7041   0.1110 784.0000 
  0.7849   0.0159 753.0000 
  0.7305   0.0022 1358.0000 
  0.6711   0.0024 833.0000 
  0.7205   0.0000 526.0000 
  0.7218   0.0015 683.0000 
  0.6782   0.0011 926.0000 
  0.6667   0.0000  30.0000 
  0.5714   0.0000  56.0000 
  0.6802   0.1081 222.0000 
  0.7992   0.0947 264.0000 
  0.7522   0.0224 581.0000 
  0.7781   0.0276 1343.0000 
  0.7482   0.0059 842.0000 
  0.7533   0.0000 523.0000 
  0.7402   0.0000 535.0000 
  0.8054   0.0067 149.0000 
  0.6650   0.6318 812.0000 
  0.7061   0.2524 313.0000 
  0.8667   0.0667  15.0000 
  0.7326   0.0000 172.0000 
  0.7194   0.0296 506.0000 
  0.7150   0.2019 421.0000 
  0.7981   0.0481 104.0000 
  0.5983   0.0000 346.0000 
  0.6047   0.0234 812.0000 
  0.6293   0.1652 696.0000 
  0.6350   0.0043 1170.0000 
  0.6948   0.0054 367.0000 
  0.6397   0.0000 494.0000 
  0.6778   0.0000 748.0000 
  0.5507   0.0000 434.0000 
  0.6633   0.0000 701.0000 
  0.6561   0.0000 788.0000 
  0.6951   0.0000 669.0000 
  0.6949   0.0000 472.0000 
  0.6760   0.0000 321.0000 
  0.6431   0.0011 905.0000 
  0.7253   0.0016 608.0000 
  0.6715   0.0073 1099.0000 
  0.6985   0.0147 272.0000 
  0.7160   0.0739 771.0000 
  0.5969   0.0000 196.0000 
  0.6918   0.0000 649.0000 
  0.6919   0.0191 1256.0000 
  0.6364   0.0000 297.0000 
  0.6486   0.0000 185.0000 
  0.5868   0.0789 380.0000 
  0.5155   0.0309 194.0000 
  0.6667   0.0000  78.0000 
  0.6498   0.0048 831.0000 
  0.6897   0.0862  58.0000 
  0.6868   0.0000 514.0000 
  0.6198   0.0418 263.0000 
  0.6265   0.0000  83.0000 
  0.7625   0.0000 341.0000 
  0.7682   0.0000 440.0000 
  0.7746   0.0043 923.0000 
  0.7397   0.0053 753.0000 
  0.7705   0.0000  61.0000 
  0.7167   0.0107 466.0000 
  0.7139   0.0000 332.0000 
  0.6029   0.0253 277.0000 
  0.6456   0.0000  79.0000 
  0.6757   0.0000 111.0000 
  0.8067   0.0000 119.0000 
  0.8116   0.0000  69.0000 
  0.7086   0.0000 151.0000 
  0.6406   0.0000 128.0000 
  0.6786   0.0000 364.0000 
  0.7174   0.0217  46.0000 
  0.7430   0.0130 463.0000 
  0.7806   0.0000 155.0000 
  0.7619   0.0000 105.0000 
  0.9412   0.0000  34.0000 
  0.8235   0.0000  85.0000 
  0.5221   0.7721 136.0000 
  0.6236   0.5603 348.0000 
  0.6676   0.8064 346.0000 
  0.8676   0.5000  68.0000 
  0.7361   0.0331 936.0000 
  0.7523   0.0065 1070.0000 
  0.6355   0.0929 1668.0000 
  0.5774   0.4251 1169.0000 
  0.6638   0.7057 1835.0000 
  0.6561   0.5263 1387.0000 
  0.6822   0.1050 1372.0000 
  0.4924   0.2808 851.0000 
  0.7533   0.0230 1131.0000 
  0.4733   0.9447 1572.0000 
  0.4625   0.9736 1399.0000 
  0.7559   0.3616 885.0000 
  0.8719   0.0296 203.0000 
  0.8363   0.2035 226.0000 
  0.7940   0.4149 335.0000 
  0.8143   0.1476 210.0000 
  0.7872   0.3308 390.0000 
  0.7867   0.1706 422.0000 
  0.8201   0.0231 389.0000 
  0.7336   0.0969 289.0000 
  0.7485   0.0058 342.0000 
  0.8128   0.1430 1063.0000 
  0.7573   0.0933 375.0000 
  0.8020   0.0462 606.0000 
  0.6992   0.0059 1516.0000 
  0.7530   0.0168 1247.0000 
  0.7316   0.0188 1386.0000 
  0.8060   0.0410 902.0000 
  0.7882   0.0424 968.0000 
  0.6624   0.6393 865.0000 
  0.7000   0.0094 1490.0000 
  0.7197   0.0062 1445.0000 
  0.7608   0.0046 439.0000 
  0.7748   0.0000 484.0000 
  0.7746   0.0272 772.0000 
  0.7339   0.0007 1518.0000 
  0.7248   0.0027 1490.0000 
  0.6588   0.0000 1143.0000 
  0.7547   0.0342 322.0000 
  0.7401   0.0804 808.0000 
  0.7219   0.1279 1032.0000 
  0.7413   0.0657 1156.0000 
  0.7528   0.0000 712.0000 
  0.7500   0.0761 552.0000 
  0.7908   0.0000 368.0000 
  0.7252   0.1438 473.0000 
  0.6935   0.2480 992.0000 
  0.7043   0.1708 1089.0000 
  0.7467   0.0067 450.0000 
  0.7118   0.0000 1530.0000 
  0.6578   0.0027 1125.0000 
  0.6827   0.0018 1642.0000 
  0.7009   0.0020 1023.0000 
  0.7273   0.0011 913.0000 
  0.7239   0.0577 815.0000 
  0.7991   0.1652 702.0000 
  0.6603   0.0690 1463.0000 
  0.6633   0.1045 1589.0000 
  0.7000   0.0327 550.0000 
  0.6655   0.0000 1190.0000 
  0.6305   0.5119 295.0000 
  0.7031   0.3155 485.0000 
  0.5086   0.0343 175.0000 
  0.7167   0.0000 240.0000 
  0.7863   0.0256 117.0000 
  0.7525   0.4257 101.0000 
  0.7342   0.0219 365.0000 
  0.6913   0.2886 149.0000 
  0.6060   0.9982 566.0000 
  0.7081   0.1491 322.0000 
  0.5851   1.0000 470.0000 
  0.6466   0.9945 549.0000 
  0.5696   0.9972 704.0000 
  0.5902   0.9918 610.0000 
  0.5926   0.8718 351.0000 
  0.7587   0.0000 344.0000 
  0.6340   0.7940 500.0000 
  0.7794   0.0368 272.0000 
  0.7176   0.0021 478.0000 
  0.7481   0.0000 516.0000 
  0.7813   0.0754 544.0000 
  0.6803   0.0738 610.0000 
  0.7287   0.1299 693.0000 
  0.6854   0.2206 553.0000 
  0.6326   0.6542 509.0000 
  0.5887   0.9624 744.0000 
  0.7135   0.1481 520.0000 
  0.7041   0.0426 517.0000 
  0.6156   0.0688 320.0000 
  0.6538   0.2546 491.0000 
  0.5536   0.6384 578.0000 
  0.6437   0.9925 668.0000 
  0.6036   0.9968 618.0000 
  0.6621   0.5762 512.0000 
  0.6299   0.4929 562.0000 
  0.7883   0.0533 600.0000 
  0.7220   0.0065 464.0000 
  0.6923   0.1109 559.0000 
  0.7580   0.0529 529.0000 
  0.7139   0.0526 818.0000 
  0.7399   0.0362 719.0000 
  0.6812   0.3460 552.0000 
  0.7436   0.1795 117.0000 
  0.5954   0.6590 346.0000 
  0.7031   0.2073 357.0000 
  0.6661   0.2199 623.0000 
  0.5377   0.6789 517.0000 
  0.6467   0.2356 433.0000 
  0.7422   0.3867 225.0000 
  0.5899   0.7350 317.0000 
  0.6322   0.0000  87.0000 
  0.7857   0.4664 238.0000 
  0.6719   0.6364 253.0000 
  0.6306   0.3559 222.0000 
  0.6186   0.4316 936.0000 
  0.5773   0.3074 1223.0000 
  0.4832   0.4070 656.0000 
  0.4632   0.6456 855.0000 
  0.5328   0.8043 792.0000 
  0.6257   0.3915 756.0000 
  0.7656   0.0000 448.0000 
  0.5321   0.9088 669.0000 
  0.6827   0.1196 769.0000 
  0.6268   0.0482 1163.0000 
  0.6446   0.1511 1615.0000 
  0.7380   0.0000 603.0000 
  0.5773   0.9897 776.0000 
  0.8621   0.1782 174.0000 
  0.7487   0.2974 195.0000 
  0.7600   0.0000 300.0000 
  0.7061   0.2365 296.0000 
  0.7088   0.1404 285.0000 
  0.6370   0.1285 708.0000 
  0.5829   0.7265 362.0000 
  0.7222   0.6728 648.0000 
  0.7117   0.0286 489.0000 
  0.7295   0.0400 525.0000 
  0.7331   0.2562 281.0000 
  0.5534   0.1845 103.0000 
  0.6443   0.4585 253.0000 
  0.7075   0.0680 294.0000 
  0.7668   0.0027 373.0000 
  0.6620   0.5833 216.0000 
  0.7354   0.2960 446.0000 
  0.7097   0.0215  93.0000 
  0.7294   0.1176  85.0000 
  0.6224   0.4266 286.0000 
  0.5090   0.9608 332.0000 
  0.6887   0.6732 257.0000 
  0.6747   0.4251 581.0000 
  0.6740   0.1850 227.0000 
  0.5969   0.0031 325.0000 
  0.6173   0.0000  81.0000 
  0.6383   0.0142 141.0000 
  0.6372   0.1209 339.0000 
  0.6098   0.6402 264.0000 
  0.5492   0.3484 244.0000 
  0.5975   0.1951 405.0000 
  0.5652   0.9517 414.0000 
  0.5498   0.9957 462.0000 
  0.4409   0.2620 313.0000 
  0.3320   0.3713 509.0000 
  0.5673   0.9298 171.0000 
  0.5279   0.9861 718.0000 
  0.6111   0.9630 108.0000 
  0.5376   0.9847 852.0000 
  0.5146   0.9892 651.0000 
  0.5183   0.9346 872.0000 
  0.3881   0.1955 353.0000 
  0.5969   0.6589 129.0000 
  0.6000   0.5231  65.0000 
  0.6792   0.5566 318.0000 
  0.5225   0.9459 222.0000 
  0.5628   0.5956 183.0000 
  0.5914   0.9391 279.0000 
  0.5738   0.5839 298.0000 
  0.6287   0.3388 307.0000 
  0.6478   0.3082 159.0000 
  0.7115   0.1731 260.0000 
  0.6757   0.2196 296.0000 
  0.6407   0.3889 270.0000 
  0.6950   0.2250 200.0000 
  0.6537   0.0848 283.0000 
  0.5960   0.3510 302.0000 
  0.6469   0.2268 388.0000 
  0.6477   0.0795 352.0000 
  0.4786   0.6997 796.0000 
  0.6421   0.9797 394.0000 
  0.5888   0.9213 394.0000 
  0.6274   0.4953 212.0000 
  0.6350   0.1250 200.0000 
  0.7376   0.1188 202.0000 
  0.6856   0.0213 423.0000 
  0.7773   0.0044 458.0000 
  0.7551   0.0170 294.0000 
  0.7331   0.0036 281.0000 
  0.7323   0.0123 325.0000 
  0.6800   0.0040 250.0000 
  0.7549   0.0000 257.0000 
  0.7826   0.0000 322.0000 
  0.7842   0.0036 278.0000 
  0.7519   0.0025 395.0000 
  0.6548   0.0027 365.0000 
  0.7109   0.0059 339.0000 
  0.7528   0.0000 360.0000 
  0.7515   0.0000 499.0000 
  0.7370   0.0000 559.0000 
  0.7392   0.0018 556.0000 
  0.7859   0.0021 481.0000 
  0.7614   0.0000 440.0000 
  0.7253   0.0027 364.0000 
  0.7104   0.0000 366.0000 
  0.7268   0.0000 355.0000 
  0.7522   0.0029 347.0000 
  0.7485   0.0046 656.0000 
  0.7486   0.0041 736.0000 
  0.6210   0.0029 343.0000 
  0.6221   0.0945 307.0000 
  0.6505   0.0255 392.0000 
  0.2953   0.7720 193.0000 
  0.5749   0.9860 501.0000 
  0.5779   0.9848 725.0000 
  0.6374   0.9707 546.0000 
  0.6383   0.9385 423.0000 
  0.6821   0.9464 280.0000 
  0.6479   0.8727 267.0000 
  0.6880   0.6090 266.0000 
  0.6503   0.2362 326.0000 
  0.7283   0.0067 449.0000 
  0.7432   0.0785 331.0000 
  0.7143   0.0323 371.0000 
  0.6920   0.0415 289.0000 
  0.7271   0.0000 414.0000 
  0.7547   0.0170 530.0000 
  0.7692   0.0044 455.0000 
  0.5943   0.0203 493.0000 
  0.6481   0.1059 557.0000 
  0.6213   0.8685 441.0000 
  0.5831   0.9386 391.0000 
  0.6571   0.9466 487.0000 
  0.6288   0.8631 431.0000 
  0.6225   0.4282 355.0000 
  0.7176   0.1401 471.0000 
  0.6175   0.1351 570.0000 
  0.5908   0.5012 413.0000 
  0.5756   0.9097 443.0000 
  0.5686   0.9755 408.0000 
  0.6100   0.9741 541.0000 
  0.6210   0.9238 525.0000 
  0.6545   0.9734 602.0000 
  0.6926   0.9587 605.0000 
  0.6618   0.9902 408.0000 
  0.6931   0.9743 505.0000 
  0.6060   0.9900 500.0000 
  0.6985   0.9280 597.0000 
  0.6643   0.5554 560.0000 
  0.6523   0.9642 558.0000 
  0.6894   0.9691 615.0000 
  0.6430   0.7850 493.0000 
  0.7162   0.7483 437.0000 
  0.6875   0.4432 176.0000 
  0.6838   0.1239 234.0000 
  0.6873   0.3859 806.0000 
  0.7480   0.5818 373.0000 
  0.6801   0.9798 644.0000 
  0.7099   0.9245 424.0000 
  0.7315   0.8919 555.0000 
  0.6754   0.8389 422.0000 
  0.6881   0.7874 776.0000 
  0.4899   0.8612 994.0000 
  0.7331   0.8624 843.0000 
  0.6716   0.8402 338.0000 
  0.6991   0.9556 585.0000 
  0.5492   0.9926 1087.0000 
  0.6102   0.9576 708.0000 
  0.5403   0.9898 683.0000 
  0.6975   0.9682 628.0000 
  0.7332   0.8977 596.0000 
  0.7081   0.8548 675.0000 
  0.7401   0.6207 377.0000 
  0.7598   0.4661 487.0000 
  0.7669   0.2430 502.0000 
  0.7095   0.1957 327.0000 
  0.7287   0.0853 457.0000 
  0.7447   0.7486 521.0000 
  0.7471   0.4677 526.0000 
  0.6932   0.2898 352.0000 
  0.7338   0.2423 293.0000 
  0.6925   0.1321 530.0000 
  0.7471   0.3471 340.0000 
  0.6658   0.1865 386.0000 
  0.7377   0.0984 610.0000 
  0.7520   0.0509 629.0000 
  0.7627   0.0067 451.0000 
  0.7512   0.0146 410.0000 
  0.5174   0.1642 402.0000 
  0.5580   0.2543 405.0000 
  0.6077   0.5967 362.0000 
  0.4881   0.8016 252.0000 
  0.5621   0.6723 354.0000 
  0.6329   0.8047 425.0000 
  0.6290   0.8614 469.0000 
  0.5880   0.9366 568.0000 
  0.6188   0.8498 446.0000 
  0.6286   0.9378 482.0000 
  0.6436   0.8893 578.0000 
  0.6111   0.8708 774.0000 
  0.5127   0.7989 353.0000 
  0.7065   0.5124 603.0000 
  0.6158   0.6441 354.0000 
  0.6691   0.4173 405.0000 
  0.6283   0.3457 460.0000 
  0.7070   0.3418 471.0000 
  0.6421   0.2779 475.0000 
  0.6922   0.1511 536.0000 
  0.6673   0.0646 511.0000 
  0.6948   0.1095 557.0000 
  0.7175   0.1829 492.0000 
  0.7249   0.2031 389.0000 
  0.6552   0.3289 377.0000 
  0.7775   0.2404 391.0000 
  0.7054   0.6125 560.0000 
  0.6556   0.3416 363.0000 
  0.7062   0.8047 548.0000 
  0.6637   0.1045 794.0000 
  0.6526   0.3218 665.0000 
  0.6858   0.8091 592.0000 
  0.5828   0.6199 592.0000 
  0.6589   0.6729 428.0000 
  0.6222   0.9663 712.0000 
  0.6368   0.9892 837.0000 
  0.6342   0.9985 678.0000 
  0.5904   0.8362 586.0000 
  0.6129   0.9846 713.0000 
  0.6313   0.9681 689.0000 
  0.6279   0.9951 610.0000 
  0.5920   0.9969 326.0000 
  0.6426   0.9910 666.0000 
  0.5892   0.9931 723.0000 
  0.6216   0.9938 806.0000 
  0.5915   0.9893 563.0000 
  0.5766   0.8295 692.0000 
  0.6016   0.9812 640.0000 
  0.6473   0.9897 774.0000 
  0.6731   0.9945 361.0000 
  0.5452   0.6021 387.0000 
  0.5486   0.7374 514.0000 
  0.5862   0.4483 290.0000 
  0.5630   0.3901 405.0000 
  0.5982   0.3343 341.0000 
  0.5289   0.5184 380.0000 
  0.5699   0.4220 372.0000 
  0.5749   0.4332 367.0000 
  0.6041   0.8299 629.0000 
  0.5675   0.8970 437.0000 
  0.5245   0.8102 511.0000 
  0.6041   0.6802 197.0000 
  0.5543   0.9559 635.0000 
  0.5935   0.9530 829.0000 
  0.6284   0.9661 767.0000 
  0.5233   0.7694 386.0000 
  0.6161   0.9890 547.0000 
  0.5905   0.9770 652.0000 
  0.5455   0.9875 561.0000 
  0.4720   0.9888 805.0000 
  0.5469   0.9812 693.0000 
  0.4709   0.9906 1066.0000 
  0.4672   0.9921 1143.0000 
  0.4718   0.9959 1223.0000 
  0.4350   0.9939 984.0000 
  0.5658   0.5493 304.0000 
  0.5449   0.4081 468.0000 
  0.7318   0.6093 343.0000 
  0.7783   0.6399 672.0000 
  0.7599   0.6254 558.0000 
  0.7568   0.6615 514.0000 
  0.7145   0.9928 690.0000 
  0.7312   0.9965 573.0000 
  0.7653   0.9936 622.0000 
  0.7422   0.9911 671.0000 
  0.4879   0.6707 580.0000 
  0.6103   0.7188 793.0000 
  0.6210   0.9127 504.0000 
  0.6429   0.9904 728.0000 
  0.7250   0.9833 600.0000 
  0.6264   0.9141 629.0000 
  0.6722   0.7530 421.0000 
  0.6853   0.5959 537.0000 
  0.6275   0.9742 698.0000 
  0.6283   0.8451 452.0000 
  0.6595   0.2627 373.0000 
  0.7207   0.1910 487.0000 
  0.7119   0.2903 472.0000 
  0.7054   0.2805 353.0000 
  0.7362   0.3372 436.0000 
  0.6712   0.2068 730.0000 
  0.6841   0.2545 440.0000 
  0.7125   0.2178 473.0000 
  0.7326   0.2618 718.0000 
  0.6850   0.2991 692.0000 
  0.7263   0.2263 464.0000 
  0.7271   0.2413 601.0000 
  0.6270   0.5431 823.0000 
  0.5180   0.5902 388.0000 
  0.6357   0.7793 571.0000 
  0.4505   0.5258 677.0000 
  0.6702   0.6825 567.0000 
  0.6319   0.3507 576.0000 
  0.7085   0.4000 710.0000 
  0.5895   0.4148 458.0000 
  0.5907   0.2449 535.0000 
  0.7381   0.0818 611.0000 
  0.5788   0.5940 463.0000 
  0.7234   0.0851 141.0000 
  0.6042   0.5914 1089.0000 
  0.5916   0.9102 813.0000 
  0.7048   0.2565 542.0000 
  0.6220   0.7761 746.0000 
  0.5981   0.4505 535.0000 
  0.6906   0.4080 598.0000 
  0.7450   0.6102 549.0000 
  0.3920   0.8658 477.0000 
  0.7496   0.4328 603.0000 
  0.6295   0.5045 448.0000 
  0.7032   0.4627 657.0000 
  0.6767   0.3783 563.0000 
  0.5136   0.8142 845.0000 
  0.6306   0.8301 877.0000 
  0.6667   0.4647 411.0000 
  0.7152   0.5827 611.0000 
  0.5855   0.3913 1035.0000 
  0.6737   0.5254 236.0000 
  0.6772   0.3114 790.0000 
  0.6885   0.4797 838.0000 
  0.6918   0.8416 928.0000 
  0.6068   0.9407 1231.0000 
  0.6483   0.7535 1521.0000 
  0.7727   0.8490 629.0000 
  0.7049   0.1686 759.0000 
  0.6197   0.5935 802.0000 
  0.6751   0.7062 834.0000 
  0.7368   0.4797 813.0000 
  0.6114   0.0917 687.0000 
  0.6508   0.0000 421.0000 
  0.4640   0.9555 584.0000 
  0.4734   0.9392 526.0000 
  0.4510   0.9251 561.0000 
  0.6123   0.4626 227.0000 
  0.4411   0.2205 331.0000 
  0.6050   0.0801 362.0000 
  0.5731   0.0626 527.0000 
  0.4352   0.6269 386.0000 
  0.6051   0.5909 352.0000 
  0.5547   0.9781 640.0000 
  0.5590   0.9791 669.0000 
  0.5325   0.9777 539.0000 
  0.5683   0.8635 271.0000 
  0.5082   0.6995 366.0000 
  0.6459   0.6232 353.0000 
  0.6154   0.4144 403.0000 
  0.5801   0.5827 381.0000 
  0.5260   0.1713 327.0000 
  0.5816   0.0593 337.0000 
  0.6173   0.0123 405.0000 
  0.6103   0.0100 603.0000 
  0.5746   0.4639 623.0000 
  0.6003   0.9843 638.0000 
  0.6123   0.9901 503.0000 
  0.5453   0.9868 530.0000 
  0.5617   0.9942 689.0000 
  0.5132   0.9861 721.0000 
  0.5751   0.9902 819.0000 
  0.5581   0.9899 396.0000 
  0.5942   0.9903 414.0000 
  0.6176   0.9947 374.0000 
  0.6237   0.3763 372.0000 
  0.6771   0.6949 449.0000 
  0.6261   0.7080 452.0000 
  0.6565   0.3019 361.0000 
  0.5898   0.0857 490.0000 
  0.6690   0.2766 423.0000 
  0.6119   0.0765 353.0000 
  0.4913   0.0697 287.0000 
  0.5915   0.6255 470.0000 
  0.6027   0.1429 448.0000 
  0.6302   0.7437 749.0000 
  0.6216   0.8118 510.0000 
  0.5577   0.9808 728.0000 
  0.6348   0.8565 627.0000 
  0.5840   0.9864 589.0000 
  0.6027   0.9346 657.0000 
  0.6354   0.9127 458.0000 
  0.6845   0.8095 672.0000 
  0.6208   0.9663 356.0000 
  0.6619   0.9714 630.0000 
  0.6031   0.5323 325.0000 
  0.6756   0.5113 487.0000 
  0.6409   0.3940 401.0000 
  0.6567   0.4263 638.0000 
  0.6401   0.5688 603.0000 
  0.6525   0.2837 423.0000 
  0.6143   0.1625 363.0000 
  0.6832   0.1227 546.0000 
  0.6466   0.2030 532.0000 
  0.6526   0.0067 449.0000 
  0.6443   0.8171 596.0000 
  0.6491   0.7610 456.0000 
  0.6197   0.8813 497.0000 
  0.6658   0.9185 368.0000 
  0.6071   0.8357 420.0000 
  0.6706   0.2033 428.0000 
  0.6546   0.0597 469.0000 
  0.6817   0.0542 443.0000 
  0.6567   0.0644 466.0000 
  0.6959   0.0161 434.0000 
  0.5714   0.0585 427.0000 
  0.6284   0.0275 436.0000 
  0.7232   0.0857 607.0000 
  0.6667   0.0017 579.0000 
  0.7122   0.0020 490.0000 
  0.6748   0.0033 615.0000 
  0.6633   0.1202 499.0000 
  0.6718   0.0066 457.0000 
  0.6471   0.0171 527.0000 
  0.4030   0.1343 268.0000 
  0.5288   0.0535 486.0000 
  0.6813   0.0076 659.0000 
  0.6661   0.0089 563.0000 
  0.6394   0.0071 563.0000 
  0.7082   0.0021 466.0000 
  0.6599   0.0238 294.0000 
  0.6624   0.0179 391.0000 
  0.6863   0.0893 459.0000 
  0.7215   0.0035 578.0000 
  0.6566   0.1548 562.0000 
  0.6675   0.0825 424.0000 
  0.7049   0.5732 471.0000 
  0.6655   0.4358 296.0000 
  0.7558   0.0234 385.0000 
  0.6834   0.4850 499.0000 
  0.5638   0.9719 392.0000 
  0.6310   0.9966 290.0000 
  0.5566   0.1133 309.0000 
  0.5970   0.1738 397.0000 
  0.5978   0.1927 358.0000 
  0.5938   0.2552 192.0000 
  0.5931   0.8824 408.0000 
  0.5394   0.9172 495.0000 
  0.6034   0.8017 237.0000 
  0.6685   0.7303 356.0000 
  0.5874   0.7191 509.0000 
  0.6053   0.8623 494.0000 
  0.5085   0.9841 820.0000 
  0.6027   0.8923 297.0000 
  0.6805   0.4497 338.0000 
  0.6441   0.6940 562.0000 
  0.6439   0.4742 542.0000 
  0.6746   0.3905 461.0000 
  0.5137   0.8543 693.0000 
  0.7440   0.1203 582.0000 
  0.6930   0.0406 443.0000 
  0.6616   0.0825 594.0000 
  0.7103   0.1215 535.0000 
  0.6456   0.1677 316.0000 
  0.6078   0.6013 612.0000 
  0.6538   0.0843 439.0000 
  0.4970   0.4558 656.0000 
  0.6921   0.6332 747.0000 
  0.7159   0.1269 528.0000 
  0.7319   0.0280 429.0000 
  0.7026   0.2927 844.0000 
  0.7045   0.0150 802.0000 
  0.6885   0.0313 671.0000 
  0.6667   0.0153 654.0000 
  0.7000   0.0128 390.0000 
  0.6598   0.0158 632.0000 
  0.6260   0.2109 754.0000 
  0.6230   0.0037 801.0000 
  0.6282   0.2766 987.0000 
  0.5972   0.0090 782.0000 
  0.6451   0.0549 820.0000 
  0.6340   0.9895 571.0000 
  0.6667   0.2484 153.0000 
  0.6667   0.9654 636.0000 
  0.6311   0.9202 965.0000 
  0.6380   0.6224 384.0000 
  0.6844   0.5587 358.0000 
  0.6089   0.0233 514.0000 
  0.6299   0.2668 581.0000 
  0.6673   0.3989 559.0000 
  0.7050   0.1599 444.0000 
  0.6233   0.5736 645.0000 
  0.6481   0.0949 432.0000 
  0.7269   0.0271 443.0000 
  0.5186   0.6872 617.0000 
  0.6327   0.2274 343.0000 
  0.7124   0.5588 306.0000 
  0.6538   0.9021 572.0000 
  0.6606   0.6483 327.0000 
  0.6316   0.6895 570.0000 
  0.6564   0.9930 713.0000 
  0.6888   0.4895 617.0000 
  0.6660   0.7697 482.0000 
  0.6888   0.9432 739.0000 
  0.7077   0.4750 520.0000 
  0.6522   0.9720 785.0000 
  0.6711   0.8031 447.0000 
  0.6386   0.9579 642.0000 
  0.6894   0.9985 689.0000 
  0.6396   0.9201 738.0000 
  0.7046   0.7946 589.0000 
  0.7027   0.9365 693.0000 
  0.6853   0.0000 556.0000 
  0.7374   0.0049 617.0000 
  0.7504   0.0000 565.0000 
  0.7366   0.0054 372.0000 
  0.7495   0.0037 543.0000 
  0.7460   0.0018 559.0000 
  0.7328   0.0000 494.0000 
  0.7085   0.0127 710.0000 
  0.6517   0.2512 422.0000 
  0.7830   0.0521 576.0000 
  0.6126   0.0663 1931.0000 
  0.6731   0.0118 1352.0000 
  0.7073   0.0347 779.0000 
  0.7160   0.0226 972.0000 
  0.6983   0.0101 991.0000 
  0.7151   0.0522 1513.0000 
  0.7112   0.0485 1423.0000 
  0.5192   0.7600 1304.0000 
  0.6135   0.5941 877.0000 
  0.5439   0.5219 1048.0000 
  0.6261   0.7183 1150.0000 
  0.6035   0.6842 1029.0000 
  0.5048   0.9940 840.0000 
  0.4972   0.9916 714.0000 
  0.5561   0.7303 838.0000 
  0.5423   0.7745 887.0000 
  0.5585   0.7685 743.0000 
  0.5639   0.9927 548.0000 
  0.5789   0.6976 1273.0000 
  0.6116   0.6496 1210.0000 
  0.6009   0.9183 1065.0000 
  0.6877   0.0714 967.0000 
  0.6504   0.3837 675.0000 
  0.6295   0.1211 421.0000 
  0.6152   0.2911 395.0000 
  0.7024   0.2175 662.0000 
  0.6518   0.2503 899.0000 
  0.7645   0.0109 1469.0000 
  0.6536   0.0175 1146.0000 
  0.6482   0.0837 1171.0000 
  0.6677   0.1358 1237.0000 
  0.7512   0.0031 1600.0000 
  0.7675   0.0059 1527.0000 
  0.7054   0.0123 896.0000 
  0.6961   0.0073 1372.0000 
  0.6844   0.1071 1616.0000 
  0.6656   0.0011 921.0000 
  0.7082   0.0030 1645.0000 
  0.6943   0.0115 870.0000 
  0.7092   0.0133 901.0000 
  0.7038   0.0638 1239.0000 
  0.6838   0.0594 1145.0000 
  0.7631   0.2132 1224.0000 
  0.7133   0.0077 1172.0000 
  0.6906   0.0094 1060.0000 
  0.7409   0.0201 745.0000 
  0.7472   0.0147 1424.0000 
  0.6781   0.0481 873.0000 
  0.6774   0.0518 868.0000 
  0.7022   0.0027 742.0000 
  0.7294   0.0224 850.0000 
  0.7080   0.0560 500.0000 
  0.7352   0.0045 1118.0000 
  0.5539   0.9744 547.0000 
  0.5237   0.9489 802.0000 
  0.5802   0.1982 898.0000 
  0.5810   0.1040 654.0000 
  0.5610   0.2539 508.0000 
  0.5777   0.9940 997.0000 
  0.5346   0.9870 1459.0000 
  0.5435   0.9925 1196.0000 
  0.7034   0.0015 1305.0000 
  0.7312   0.0083 1209.0000 
  0.6963   0.0342 1169.0000 
  0.6164   0.2083 816.0000 
  0.7387   0.0440 796.0000 
  0.8691   0.3054 573.0000 
  0.8524   0.5483 569.0000 
  0.8394   0.6104 847.0000 
  0.7353   0.0000  34.0000 
  0.7333   0.0000  90.0000 
  0.8130   0.0163 1353.0000 
  0.8084   0.0303 1848.0000 
  0.7843   0.0903 1108.0000 
  0.7900   0.2210 638.0000 
  0.6768   0.7439 164.0000 
  0.6444   0.0000  45.0000 
  0.8380   0.4279 673.0000 
  0.8044   0.1511 225.0000 
  0.7858   0.2424 1634.0000 
  0.7201   0.2543 1211.0000 
  0.7046   0.1248 633.0000 
  0.6457   0.0358 1397.0000 
  0.6828   0.3453 1031.0000 
  0.7268   0.0260 538.0000 
  0.7969   0.3875 320.0000 
  0.8280   0.4713 157.0000 
  0.8305   0.2373  59.0000 
  0.7315   0.6923 663.0000 
  0.7445   0.4599 137.0000 
  0.7858   0.5390 551.0000 
  0.8442   0.3189 969.0000 
  0.8033   0.2951  61.0000 
  0.7763   0.8333 684.0000 
  0.8125   0.3047 128.0000 
  0.8144   0.0539 167.0000 
  0.7834   0.0677 517.0000 
  0.8040   0.1355 1306.0000 
  0.8571   0.1937 511.0000 
  0.8333   0.3945 768.0000 
  0.7606   0.7625 1562.0000 
  0.8002   0.1342 1006.0000 
  0.8342   0.1708 404.0000 
  0.8062   0.0833 516.0000 
  0.7729   1.0000 1233.0000 
  0.8367   0.1780 1837.0000 
  0.8303   0.4725 218.0000 
  0.8716   0.1177 654.0000 
  0.5314   0.6106 303.0000 
  0.5424   0.9907 968.0000 
  0.5851   0.9970 670.0000 
  0.4571   0.6941 595.0000 
  0.4541   0.7295 207.0000 
  0.5622   0.1994 667.0000 
  0.6225   0.1430 853.0000 
  0.5549   0.1771 638.0000 
  0.6801   0.1098 747.0000 
  0.6787   0.1311 305.0000 
  0.7528   0.0037 817.0000 
  0.6503   0.1353 998.0000 
  0.5128   0.9820 665.0000 
  0.6105   0.1017 688.0000 
  0.7177   0.0277 829.0000 
  0.7034   0.2514 1635.0000 
  0.6470   0.2687 1269.0000 
  0.6727   0.0223 1164.0000 
  0.6869   0.0421 214.0000 
  0.5830   0.9727 1427.0000 
  0.5645   0.0524 1031.0000 
  0.5657   0.9779 997.0000 
  0.5357   0.9848 1122.0000 
  0.5270   0.9865 518.0000 
  0.5298   0.9817 655.0000 
  0.5748   0.7394 1270.0000 
  0.6146   0.0551 563.0000 
  0.5510   0.9927 686.0000 
  0.6484   0.0117 1115.0000 
  0.6477   0.0175 457.0000 
  0.5813   0.0676 1199.0000 
  0.3172   0.6737 662.0000 
  0.3531   0.9406 320.0000 
  0.6892   0.0259 888.0000 
  0.6040   0.1677 495.0000 
  0.5506   0.0886 158.0000 
  0.7340   0.0740 500.0000 
  0.7830   0.0934 696.0000 
  0.7448   0.0000 145.0000 
  0.6895   0.1396 351.0000 
  0.6923   0.0000 156.0000 
  0.7617   0.1192 193.0000 
  0.6459   0.5062 723.0000 
  0.7020   0.5743 1010.0000 
  0.6586   0.2138 290.0000 
  0.7533   0.0303 758.0000 
  0.8074   0.0510 353.0000 
  0.7625   0.5875  80.0000 
  0.7975   0.0198 405.0000 
  0.7291   0.0000 203.0000 
  0.7059   0.9902 306.0000 
  0.7122   0.1033 271.0000 
  0.7482   0.0036 274.0000 
  0.7202   0.0222 361.0000 
  0.6667   0.0124 402.0000 
  0.6178   0.0096 416.0000 
  0.6649   0.0000 379.0000 
  0.7314   0.0000 283.0000 
  0.6524   0.0000 164.0000 
  0.7128   0.0000 289.0000 
  0.6775   0.0000 524.0000 
  0.7703   0.0000 222.0000 
  0.7926   0.0000 704.0000 
  0.6506   0.0542 498.0000 
  0.6033   0.5761 184.0000 
  0.7467   0.1743 304.0000 
  0.6774   0.0000 499.0000 
  0.7630   0.0058 173.0000 
  0.7184   0.0000 103.0000 
  0.4318   0.0000 132.0000 
  0.5856   0.0000 181.0000 
  0.6742   0.9948 574.0000 
  0.6671   0.1485 808.0000 
  0.5255   0.2992 1728.0000 
  0.6239   0.0653 1332.0000 
  0.7256   0.0145 1516.0000 
  0.5344   0.3993 829.0000 
  0.5396   0.1367 278.0000 
  0.5589   0.3359 1036.0000 
  0.6403   0.0202 1240.0000 
  0.5226   0.2711 664.0000 
  0.6405   0.0257 1399.0000 
  0.6329   0.0848 1580.0000 
  0.6357   0.1959 689.0000 
  0.5505   0.0917 109.0000 
  0.5918   0.0028 708.0000 
  0.6059   0.0000 505.0000 
  0.5984   0.0027 371.0000 
  0.6312   0.0035 282.0000 
  0.6793   0.0044 2039.0000 
  0.5504   0.2063 1052.0000 
  0.6233   0.0039 1277.0000 
  0.6610   0.0014 705.0000 
  0.6375   0.0388 902.0000 
  0.6245   0.0238 799.0000 
  0.6308   0.0106 1040.0000 
  0.7680   0.0131 306.0000 
  0.6190   0.0000 168.0000 
  0.7135   0.0052 192.0000 
  0.5703   0.1369 263.0000 
  0.7628   0.0060 666.0000 
  0.7154   0.0000 130.0000 
  0.6100   0.0000 1323.0000 
  0.6732   0.0025 407.0000 
  0.6552   0.0125 638.0000 
  0.7032   0.0025 785.0000 
  0.5259   0.0000 386.0000 
  0.7132   0.0050 401.0000 
  0.6243   0.0452 354.0000 
  0.6690   0.0276 290.0000 
  0.7051   0.0535 729.0000 
  0.6697   0.0769 221.0000 
  0.7253   0.1253 495.0000 
  0.6921   0.1525 354.0000 
  0.7007   0.7847 274.0000 
  0.8000   0.3355 155.0000 
  0.4707   0.7267 461.0000 
  0.6878   0.4932 221.0000 
  0.7384   0.9964 558.0000 
  0.6903   0.4344 465.0000 
  0.6252   0.0920 739.0000 
  0.6781   0.0000 146.0000 
  0.5974   0.1039 231.0000 
  0.5081   0.6090 555.0000 
  0.7815   0.0180 833.0000 
  0.7281   0.0500 320.0000 
  0.6388   0.3612 227.0000 
  0.7081   0.1636 483.0000 
  0.6973   0.7397 968.0000 
  0.6283   0.6875 304.0000 
  0.5684   0.7910 1330.0000 
  0.7002   0.1006 507.0000 
  0.7197   0.0251 239.0000 
  0.7270   0.0461 304.0000 
  0.7590   0.0266 527.0000 
  0.7044   0.2595 971.0000 
  0.7021   0.2153 339.0000 
  0.4367   0.6481 719.0000 
  0.7014   0.0973 740.0000 
  0.7608   0.0509 393.0000 
  0.7069   0.2276 290.0000 
  0.7041   0.2637 838.0000 
  0.7268   0.3220 410.0000 
  0.7117   0.1895 496.0000 
  0.8333   0.3929  84.0000 
  0.6960   0.0400 250.0000 
  0.6898   0.0214 187.0000 
  0.6087   0.0000  23.0000 
  0.6306   0.2625 777.0000 
  0.7008   0.0000 127.0000 
  0.6964   0.0000  56.0000 
  0.7183   0.0000 213.0000 
  0.6190   0.0000  84.0000 
  0.5595   0.0000 395.0000 
  0.5993   0.0000 292.0000 
  0.7093   0.0000  86.0000 
  0.6403   0.1391 417.0000 
  0.7403   0.3377 231.0000 
  0.6395   0.0000 663.0000 
  0.7000   0.2255 550.0000 
  0.7229   0.0046 433.0000 
  0.6750   0.1167 240.0000 
  0.7347   0.0000 147.0000 
  0.7359   0.0000 231.0000 
  0.7035   0.1476 752.0000 
  0.9429   0.0000  35.0000 
  0.6906   0.6448 808.0000 
  0.7366   0.1404 634.0000 
  0.7625   0.0345 1103.0000 
  0.6673   0.0000 565.0000 
  0.7625   0.0000 379.0000 
  0.6279   0.0000  43.0000 
  0.6643   0.0528 417.0000 
  0.7445   0.0126 317.0000 
  0.7763   0.0046 219.0000 
  0.7421   0.3118 667.0000 
  0.7622   0.0000 143.0000 
  0.7548   0.0000 155.0000 
  0.7749   0.4308 1026.0000 
  0.7605   0.2071 309.0000 
  0.7500   0.0000 108.0000 
  0.7947   0.0000 151.0000 
  0.6981   0.0000 106.0000 
  0.7600   0.0600  50.0000 
  0.7282   0.0040 1008.0000 
  0.7636   0.0000 884.0000 
  0.7846   0.0000 1049.0000 
  0.7863   0.0013 744.0000 
  0.7694   0.0000 1214.0000 
  0.7825   0.0000 722.0000 
  0.7807   0.0000 1655.0000 
  0.7228   0.0091 1324.0000 
  0.7864   0.0000 660.0000 
  0.7872   0.0000 1278.0000 
  0.8130   0.0000 385.0000 
  0.5383   0.0017 600.0000 
  0.7219   0.0010 971.0000 
  0.8184   0.0000 534.0000 
  0.7645   0.0000 310.0000 
  0.7549   0.0010 1020.0000 
  0.7034   0.0000 1541.0000 
  0.7347   0.0000 539.0000 
  0.7720   0.0000 1412.0000 
  0.7673   0.0000 1478.0000 
  0.7759   0.0000 1169.0000 
  0.7512   0.0008 1222.0000 
  0.7619   0.0000 1155.0000 
  0.7457   0.0006 1616.0000 
  0.6873   0.1629 1209.0000 
  0.7437   0.0831 2021.0000 
  0.7634   0.0013 2308.0000 
  0.6680   0.1965 1964.0000 
  0.7434   0.0095 838.0000 
  0.6747   0.2909 1774.0000 
  0.7088   0.0000 285.0000 
  0.6858   0.0625 1776.0000 
  0.6814   0.3831 295.0000 
  0.6667   0.0000 354.0000 
  0.6886   0.0015 668.0000 
  0.6828   0.0867 911.0000 
  0.6695   0.9310 478.0000 
  0.7942   0.4170 554.0000 
  0.7360   0.4143 572.0000 
  0.7172   0.5468 534.0000 
  0.7734   0.1960 653.0000 
  0.7022   0.0082 366.0000 
  0.7583   0.2169 604.0000 
  0.7630   0.0107 751.0000 
  0.7707   0.3682 785.0000 
  0.6478   0.0169 829.0000 
  0.6402   0.0418 1434.0000 
  0.6210   0.0375 1306.0000 
  0.6648   0.0412 1044.0000 
  0.7188   0.1436 1024.0000 
  0.6996   0.5258 679.0000 
  0.7029   0.0708 791.0000 
  0.7454   0.1921 656.0000 
  0.6723   0.0061 653.0000 
  0.7379   0.0184 599.0000 
  0.6556   0.5926 540.0000 
  0.6981   0.3563 828.0000 
  0.6837   0.3892 686.0000 
  0.7097   0.3755 775.0000 
  0.7253   0.4767 688.0000 
  0.7541   0.3272 492.0000 
  0.7145   0.5686 802.0000 
  0.8119   0.0059 505.0000 
  0.7824   0.0057 524.0000 
  0.7373   0.0158 316.0000 
  0.6735   0.5945 291.0000 
  0.7031   0.6652 448.0000 
  0.6783   0.5897 429.0000 
  0.7645   0.0120 501.0000 
  0.7523   0.0229 436.0000 
  0.7339   0.0269 669.0000 
  0.6982   0.0161 560.0000 
  0.8097   0.4337 641.0000 
  0.7586   0.5389 642.0000 
  0.7880   0.5817 698.0000 
  0.7800   0.5787 591.0000 
  0.7055   0.7269 703.0000 
  0.7235   0.6078 510.0000 
  0.7029   0.5616 552.0000 
  0.6711   0.6091 596.0000 
  0.6964   0.7326 662.0000 
  0.6953   0.5848 407.0000 
  0.7982   0.3070 228.0000 
  0.8163   0.0847 980.0000 
  0.7605   0.2998 597.0000 
  0.7588   0.8191 199.0000 
  0.8510   0.1990 819.0000 
  0.8745   0.1544 829.0000 
  0.8946   0.1895 702.0000 
  0.8766   0.1277 924.0000 
  0.7708   0.9770 999.0000 
  0.7795   0.0778 848.0000 
  0.8562   0.0016 626.0000 
  0.7657   0.5556 414.0000 
  0.6635   0.6984 630.0000 
  0.7348   0.6567 705.0000 
  0.8548   0.9422 744.0000 
  0.7851   0.7311 833.0000 
  0.8082   0.7536 1100.0000 
  0.8142   0.7255 969.0000 
  0.8291   0.3162 1287.0000 
  0.8328   0.3373 1011.0000 
  0.7791   0.9306 1254.0000 
  0.8066   0.8922 1494.0000 
  0.8941   0.0000  85.0000 
  0.7187   0.5657 1909.0000 
  0.7081   0.4339 908.0000 
  0.7863   0.1883 1699.0000 
  0.6239   0.8653 1425.0000 
  0.6516   0.1156 1774.0000 
  0.5719   0.5187 1654.0000 
  0.6125   0.2904 1515.0000 
  0.6157   0.2608 1223.0000 
  0.6198   0.0955 2041.0000 
  0.6315   0.0879 1639.0000 
  0.6219   0.0503 1153.0000 
  0.6521   0.0554 1535.0000 
  0.7270   0.8984 630.0000 
  0.7692   0.7228 754.0000 
  0.7432   0.5550 627.0000 
  0.7723   0.7190 918.0000 
  0.7410   0.6171 363.0000 
  0.7854   0.1498 247.0000 
  0.7106   0.9479 978.0000 
  0.7776   0.1061 490.0000 
  0.7213   0.7691 628.0000 
  0.8146   0.1449 1408.0000 
  0.7055   0.6274 730.0000 
  0.8435   0.0198 607.0000 
  0.7362   0.4242 686.0000 
  0.7735   0.2136 543.0000 
  0.7055   0.6978 781.0000 
  0.8044   0.3536 823.0000 
  0.7992   0.0482 747.0000 
  0.6993   0.9831 592.0000 
  0.8111   0.3583 307.0000 
  0.7591   0.3640 577.0000 
  0.7305   0.3122 820.0000 
  0.7075   0.7689 636.0000 
  0.7120   0.4227 809.0000 
  0.7375   0.2065 339.0000 
  0.7455   0.9449 617.0000 
  0.7751   0.1499 507.0000 
  0.7158   0.9895  95.0000 
  0.7650   0.3069 919.0000 
  0.6639   0.9434 1202.0000 
  0.7862   0.7093 767.0000 
  0.7306   0.2136 412.0000 
  0.7889   0.1244 611.0000 
  0.8675   0.3283 332.0000 
  0.6840   0.0935 674.0000 
  0.8610   0.9119 295.0000 
  0.8671   0.6456 316.0000 
  0.8285   0.2427 379.0000 
  0.7065   0.3043 184.0000 
  0.7621   0.1752 782.0000 
  0.7288   0.2547 424.0000 
  0.8039   0.0883 872.0000 
  0.8010   0.4017 804.0000 
  0.6538   0.0920 728.0000 
  0.8497   0.2092 153.0000 
  0.7511   0.7183 458.0000 
  0.7896   0.2870 575.0000 
  0.7277   0.5329 683.0000 
  0.7887   0.0000 994.0000 
  0.7902   0.2606 1082.0000 
  0.8077   0.1712 520.0000 
  0.6840   0.5537 307.0000 
  0.7660   0.2340 188.0000 
  0.8632   0.6581 234.0000 
  0.6701   0.9670 394.0000 
  0.6667   0.1681 714.0000 
  0.8383   0.0060 167.0000 
  0.7733   0.2267  75.0000 
  0.7300   0.2259 363.0000 
  0.8617   0.2571 564.0000 
  0.7259   0.5736 1182.0000 
  0.7729   0.3237 207.0000 
  0.8996   0.1632 239.0000 
  0.9326   0.1648 267.0000 
  0.8462   0.3147 143.0000 
  0.8639   0.8429 191.0000 
  0.8659   0.9268 164.0000 
  0.7820   0.4035 679.0000 
  0.7619   0.0175 630.0000 
  0.7430   0.3450 1000.0000 
  0.6777   0.2779 788.0000 
  0.7413   0.2151 344.0000 
  0.7331   0.0644 637.0000 
  0.8187   0.0029 1037.0000 
  0.7831   0.2994 885.0000 
  0.7630   0.0450 844.0000 
  0.7759   0.8203 879.0000 
  0.7171   0.5720 820.0000 
  0.8493   0.0274 292.0000 
  0.7529   0.0445 607.0000 
  0.8014   0.0034 589.0000 
  0.7632   0.7798 604.0000 
  0.7907   0.0078 129.0000 
  0.7605   0.6252 643.0000 
  0.6913   0.1582 392.0000 
  0.6611   0.0000 180.0000 
  0.6333   0.2956 619.0000 
  0.5844   0.4541 806.0000 
  0.7095   0.0000 568.0000 
  0.6758   0.9637 799.0000 
  0.6660   0.4494 979.0000 
  0.7177   0.9609 921.0000 
  0.6120   0.6100 1000.0000 
  0.6481   0.2417 1026.0000 
  0.7714   0.0143  70.0000 
  0.6517   0.1272 692.0000 
  0.8548   0.5048 420.0000 
  0.7354   0.2841 359.0000 
  0.7402   0.1813 739.0000 
  0.7134   0.3522 1005.0000 
  0.4283   0.0000 502.0000 
  0.7236   0.0000 123.0000 
  0.7720   0.0000 943.0000 
  0.8257   0.2386 1027.0000 
  0.7841   0.1884 1019.0000 
  0.8137   0.1128 966.0000 
  0.8544   0.0816 625.0000 
  0.8018   0.1344 439.0000 
  0.8192   0.1295 1228.0000 
  0.7517   0.3077 1027.0000 
  0.8116   0.5845 568.0000 
  0.8152   0.9652 1093.0000 
  0.7400   0.6998 573.0000 
  0.7379   0.0677 931.0000 
  0.8213   0.0371 431.0000 
  0.7250   0.0911 1218.0000 
  0.8104   0.0928 517.0000 
  0.5898   0.3180 607.0000 
  0.6226   0.3333 522.0000 
  0.5595   0.3014 899.0000 
  0.6684   0.3956 953.0000 
  0.7356   0.4711 658.0000 
  0.7092   0.7656 337.0000 
  0.7677   0.0404  99.0000 
  0.7193   0.3586 488.0000 
  0.6070   0.6740 1089.0000 
  0.6235   0.6255 996.0000 
  0.7011   0.1108 659.0000 
  0.7211   0.1334 667.0000 
  0.7229   0.2637 967.0000 
  0.5937   0.7208 795.0000 
  0.6922   0.2504 1254.0000 
  0.7840   0.1882 574.0000 
  0.7244   0.4667 900.0000 
  0.7128   0.0366 766.0000 
  0.6882   0.0110 728.0000 
  0.6902   0.1636 978.0000 
  0.6765   0.6291 844.0000 
  0.6662   0.4929 704.0000 
  0.6518   0.3320 494.0000 
  0.7066   0.4222 559.0000 
  0.6131   0.6492 305.0000 
  0.7303   0.1545 330.0000 
  0.6556   0.1738 961.0000 
  0.6130   0.2629 951.0000 
  0.6772   0.0883 793.0000 
  0.7203   0.0805 783.0000 
  0.7077   0.0725 869.0000 
  0.6738   0.0408 515.0000 
  0.7117   0.9369 333.0000 
  0.7052   0.0151 926.0000 
  0.5941   0.0774 478.0000 
  0.6819   0.8125 896.0000 
  0.6535   0.0272 1694.0000 
  0.6017   0.1714 1062.0000 
  0.6475   0.0096 1461.0000 
  0.5700   0.1131 928.0000 
  0.7759   0.5668 928.0000 
  0.7655   0.5619 904.0000 
  0.6901   0.1737 426.0000 
  0.7006   0.1441 354.0000 
  0.7097   0.1030 913.0000 
  0.7474   0.0294 851.0000 
  0.6904   0.0442 927.0000 
  0.7367   0.0000 961.0000 
  0.7446   0.0000 928.0000 
  0.8620   0.2239 326.0000 
  0.6920   0.2068 880.0000 
  0.7252   0.1337 808.0000 
  0.7219   0.0000 525.0000 
  0.6756   0.4668 632.0000 
  0.6762   0.0164 1158.0000 
  0.6798   0.0072 559.0000 
  0.6773   0.0000 533.0000 
  0.6556   0.1568 1295.0000 
  0.6378   0.1185 1317.0000 
  0.6014   0.6679 557.0000 
  0.6265   0.6265 498.0000 
  0.7160   0.0453 486.0000 
  0.6813   0.0081 1114.0000 
  0.6917   0.0031 960.0000 
  0.6410   0.0205 195.0000 
  0.7111   0.1108 668.0000 
  0.6368   0.0656 625.0000 
  0.5672   0.0199 1860.0000 
  0.5578   0.0337 1782.0000 
  0.6493   0.0506 1266.0000 
  0.6505   0.0331 1299.0000 
  0.6390   0.0038 1820.0000 
  0.6452   0.0066 1674.0000 
  0.7527   0.1131 283.0000 
  0.5699   0.0099 1209.0000 
  0.7085   0.0016 614.0000 
  0.7727   0.0000 616.0000 
  0.7470   0.0000 593.0000 
  0.6711   0.1678 298.0000 
  0.7167   0.0000 120.0000 
  0.7296   0.0000 577.0000 
  0.6859   0.0000 831.0000 
  0.6878   0.0000 836.0000 
  0.6873   0.0000 371.0000 
  0.7183   0.2489 916.0000 
  0.7520   0.1916 762.0000 
  0.7035   0.3402 823.0000 
  0.6858   0.3068 678.0000 
  0.7546   0.0041 489.0000 
  0.7807   0.0000 424.0000 
  0.6667   0.0975 831.0000 
  0.6312   0.0416 1540.0000 
  0.6634   0.0332 1444.0000 
  0.6557   0.0316 854.0000 
  0.5870   0.0292 925.0000 
  0.6197   0.0853 1712.0000 
  0.6172   0.0656 1570.0000 
  0.7017   0.0117 1029.0000 
  0.6728   0.0116 1033.0000 
  0.6363   0.0096 1141.0000 
  0.6835   0.0105 1052.0000 
  0.6415   0.0209 622.0000 
  0.6216   0.0064 621.0000 
  0.6702   0.0165 667.0000 
  0.6858   0.0051 592.0000 
  0.6398   0.1558 1688.0000 
  0.7017   0.0331 724.0000 
  0.7276   0.0248 525.0000 
  0.5618   0.3772 753.0000 
  0.6757   0.4131 811.0000 
  0.6259   0.2667 1350.0000 
  0.6353   0.2878 754.0000 
  0.6078   0.3000 770.0000 
  0.7104   0.0042 946.0000 
  0.6723   0.0741 1782.0000 
  0.6422   0.0700 1143.0000 
  0.7021   0.0240 584.0000 
  0.6429   0.0129 2319.0000 
  0.6556   0.1567 900.0000 
  0.7096   0.1541 785.0000 
  0.6429   0.1031 1445.0000 
  0.8290   0.0342 848.0000 
  0.7261   0.1034 1044.0000 
  0.7298   0.6532 1136.0000 
  0.6895   0.6443 686.0000 
  0.7430   0.1671 856.0000 
  0.6495   0.4402 368.0000 
  0.7399   0.0768 742.0000 
  0.6705   0.2665 349.0000 
  0.6642   0.6000 405.0000 
  0.6518   0.5338 1169.0000 
  0.7137   0.0611 786.0000 
  0.7108   0.3795 996.0000 
  0.6324   0.5588 680.0000 
  0.6797   0.5034 743.0000 
  0.6568   0.5542 1052.0000 
  0.6704   0.1074 270.0000 
  0.7202   0.3285 554.0000 
  0.6386   0.3266 689.0000 
  0.6539   0.0000 419.0000 
  0.7246   0.0193 207.0000 
  0.6515   0.4523 241.0000 
  0.7385   0.0053 566.0000 
  0.7005   0.0449 1449.0000 
  0.6121   0.2944 642.0000 
  0.7712   0.5810 389.0000 
  0.6593   0.1954 1315.0000 
  0.6713   0.1534 1141.0000 
  0.7165   0.1807 642.0000 
  0.7797   0.1215 708.0000 
  0.7198   0.0982 621.0000 
  0.7722   0.1114 395.0000 
  0.7144   0.1296 949.0000 
  0.7084   0.0940 926.0000 
  0.7461   0.0396 1087.0000 
  0.5526   0.8289 637.0000 
  0.5373   0.8078 510.0000 
  0.7022   0.2184 1209.0000 
  0.5840   0.5527 1149.0000 
  0.6186   0.6117 1164.0000 
  0.6900   0.0842 713.0000 
  0.7514   0.1285 358.0000 
  0.6876   0.2099 829.0000 
  0.6391   0.5013 399.0000 
  0.6752   0.3777 548.0000 
  0.6789   0.2886 492.0000 
  0.6161   0.0445 831.0000 
  0.5746   0.0502 757.0000 
  0.6103   0.2659 331.0000 
  0.7577   0.0246 487.0000 
  0.6508   0.2317 859.0000 
  0.6308   0.2231 780.0000 
  0.6784   0.0866 1536.0000 
  0.7673   0.0014 709.0000 
  0.6141   0.1607 666.0000 
  0.6686   0.1865 697.0000 
  0.6922   0.1403 1176.0000 
  0.7209   0.0633 774.0000 
  0.6584   0.0690 928.0000 
  0.7478   0.0010 1019.0000 
  0.7085   0.0013 741.0000 
  0.7331   0.0378 873.0000 
  0.6837   0.2959  98.0000 
  0.7302   0.3058 278.0000 
  0.7170   0.0094 106.0000 
  0.7659   0.8098 205.0000 
  0.7388   0.7960 402.0000 
  0.7179   0.3260 273.0000 
  0.6944   0.1435 216.0000 
  0.7260   0.0703 427.0000 
  0.6472   0.3778 360.0000 
  0.7253   0.1821 324.0000 
  0.5916   0.9561 524.0000 
  0.7302   0.2778 126.0000 
  0.6391   0.4098 471.0000 
  0.5476   0.7262  84.0000 
  0.5819   0.5679 287.0000 
  0.5994   0.9860 357.0000 
  0.7428   0.3482 626.0000 
  0.7662   0.1025 693.0000 
  0.7557   0.1275 659.0000 
  0.7282   0.4855 379.0000 
  0.7243   0.5662 544.0000 
  0.7022   0.0121 742.0000 
  0.6870   0.0199 853.0000 
  0.7210   0.0076 656.0000 
  0.6878   0.0672 551.0000 
  0.7481   0.1333 405.0000 
  0.7978   0.0169 826.0000 
  0.7346   0.0197 712.0000 
  0.7583   0.0030 997.0000 
  0.7410   0.0056 892.0000 
  0.7536   0.0197 763.0000 
  0.7550   0.0525 743.0000 
  0.6041   0.0076 394.0000 
  0.6671   0.1849 703.0000 
  0.6889   0.7778 495.0000 
  0.7488   0.0818 844.0000 
  0.7483   0.0150 731.0000 
  0.6594   0.0290 138.0000 
  0.6692   0.0152 396.0000 
  0.6481   0.0123 486.0000 
  0.6195   0.7151 1046.0000 
  0.5952   0.8095 924.0000 
  0.6590   0.1158 786.0000 
  0.7681   0.0064 621.0000 
  0.6987   0.0221 634.0000 
  0.7152   0.0397 453.0000 
  0.6778   0.0689 450.0000 
  0.6124   0.1798 356.0000 
  0.6914   0.1229 781.0000 
  0.7328   0.0345 580.0000 
  0.6743   0.6472 479.0000 
  0.7709   0.0191 838.0000 
  0.5949   0.4076 395.0000 
  0.6718   0.4699 515.0000 
  0.7013   0.5318 472.0000 
  0.7304   0.0152 920.0000 
  0.6483   0.0483 290.0000 
  0.6494   0.1481 1161.0000 
  0.6981   0.0802 212.0000 
  0.6105   0.0329 516.0000 
  0.6527   0.1582 910.0000 
  0.6446   0.0000 166.0000 
  0.7309   0.0050 799.0000 
  0.7468   0.0116 778.0000 
  0.6276   0.0103 580.0000 
  0.6960   0.0444 1013.0000 
  0.7317   0.0000 123.0000 
  0.5671   0.0018 559.0000 
  0.6977   0.2035 688.0000 
  0.7001   0.2643 787.0000 
  0.7080   0.0000 880.0000 
  0.6755   0.0000 604.0000 
  0.6955   0.0000 404.0000 
  0.6684   0.0000 187.0000 
  0.7482   0.0106 282.0000 
  0.7206   0.4467 544.0000 
  0.6677   0.7675 671.0000 
  0.8800   0.1067  75.0000 
  0.6938   0.1627 209.0000 
  0.7234   0.1489 470.0000 
  0.7909   0.0040 746.0000 
  0.7592   0.0110 818.0000 
  0.7451   0.4305 820.0000 
  0.8497   0.0654 306.0000 
  0.7898   0.0029 685.0000 
  0.7198   0.7500 696.0000 
  0.7341   0.7143 455.0000 
  0.7843   0.3464 918.0000 
  0.8304   0.0179 448.0000 
  0.7560   0.2636 918.0000 
  0.8171   0.1771 350.0000 
  0.6935   0.4774 199.0000 
  0.7310   0.0037 539.0000 
  0.7578   0.1590 805.0000 
  0.7571   0.1714 700.0000 
  0.7710   0.1052 751.0000 
  0.7665   0.2994 334.0000 
  0.7506   0.0636 802.0000 
  0.7105   0.5416 373.0000 
  0.7575   0.1051 1208.0000 
  0.8051   0.0354 395.0000 
  0.7731   0.1687 498.0000 
  0.7343   0.0000 463.0000 
  0.7261   0.0000 723.0000 
  0.7319   0.3584 332.0000 
  0.7381   0.4107 168.0000 
  0.7191   0.9911 559.0000 
  0.7900   0.0900 100.0000 
  0.7117   0.1081 222.0000 
  0.7903   0.0081 496.0000 
  0.7817   0.0655 458.0000 
  0.7797   0.2692 286.0000 
  0.7696   0.1532 790.0000 
  0.7739   0.0078 774.0000 
  0.7873   0.0000 221.0000 
  0.7342   0.0270 222.0000 
  0.8226   0.0710 310.0000 
  0.8302   0.0189 159.0000 
  0.7357   0.0382 681.0000 
  0.7806   0.0452 155.0000 
  0.7432   0.0231 997.0000 
  0.8289   0.0477 818.0000 
  0.6205   0.5512 303.0000 
  0.6329   0.4137 365.0000 
  0.6272   0.7076 896.0000 
  0.5710   0.6893 676.0000 
  0.6955   0.0289 381.0000 
  0.6724   0.0552 290.0000 
  0.6768   0.0576 625.0000 
  0.7117   0.0191 784.0000 
  0.6657   0.0497 362.0000 
  0.8116   0.0507 276.0000 
  0.6079   0.6210 533.0000 
  0.6664   0.1284 1160.0000 
  0.6440   0.2402 941.0000 
  0.6435   0.3670 1049.0000 
  0.8522   0.0997 582.0000 
  0.6728   0.0654 382.0000 
  0.7546   0.0073 273.0000 
  0.6534   0.0142 352.0000 
  0.7440   0.0791 910.0000 
  0.7840   0.0188 213.0000 
  0.7610   0.0031 318.0000 
  0.6613   0.0279 682.0000 
  0.7869   0.0098 305.0000 
  0.7601   0.0494 567.0000 
  0.7652   0.0037 541.0000 
  0.6994   0.0047 845.0000 
  0.7050   0.0100 800.0000 
  0.6939   0.0216 833.0000 
  0.7197   0.0510 314.0000 
  0.6981   0.0109 732.0000 
  0.6627   0.0569 756.0000 
  0.7445   0.0020 501.0000 
  0.6803   0.5111 857.0000 
  0.7270   0.0075 795.0000 
  0.7978   0.0012 811.0000 
  0.7679   0.0000 293.0000 
  0.7695   0.0000 308.0000 
  0.8126   0.0044 459.0000 
  0.7482   0.0010 957.0000 
  0.7956   0.2641 587.0000 
  0.6774   0.1379 899.0000 
  0.6249   0.9062 1045.0000 
  0.7158   0.0937 950.0000 
  0.6729   0.1211 801.0000 
  0.7379   0.0736 1263.0000 
  0.5418   0.2329 790.0000 
  0.6725   0.0650 400.0000 
  0.7788   0.0000 104.0000 
  0.6838   0.0165 544.0000 
  0.6351   0.0018 1140.0000 
  0.6169   0.0153 261.0000 
  0.7152   0.0000 660.0000 
  0.6104   0.0700 829.0000 
  0.7216   0.0000 352.0000 
  0.6871   0.0000 521.0000 
  0.6478   0.0000 301.0000 
  0.6575   0.0822 146.0000 
  0.7540   0.0000 126.0000 
  0.6285   0.0000 533.0000 
  0.5925   0.0000 400.0000 
  0.6279   0.0000 258.0000 
  0.6374   0.0110  91.0000 
  0.3989   0.1424 1657.0000 
  0.5646   0.0000 790.0000 
  0.5638   0.0000 298.0000 
  0.5900   0.0000 261.0000 
  0.6916   0.0000 107.0000 
  0.7200   0.0000  75.0000 
  0.7143   0.0000 105.0000 
  0.6935   0.0153 261.0000 
  0.7433   0.0024 413.0000 
  0.8194   0.0278  72.0000 
  0.6027   0.0112 448.0000 
  0.5963   0.0183 109.0000 
  0.7963   0.0000 108.0000 
  0.5828   0.0000 151.0000 
  0.6135   0.0142 564.0000 
  0.5972   0.0117 772.0000 
  0.6773   0.0000 282.0000 
  0.7468   0.0000 553.0000 
  0.7322   0.0000 295.0000 
  0.7143   0.0221 770.0000 
  0.8011   0.0054 186.0000 
  0.7217   0.2200 1150.0000 
  0.6869   0.0207 677.0000 
  0.5631   0.6450 1490.0000 
  0.6598   0.2831 876.0000 
  0.7080   0.0080 250.0000 
  0.6377   0.8507 991.0000 
  0.6746   0.9580 1214.0000 
  0.6535   0.1692 1495.0000 
  0.6727   0.0333 990.0000 
  0.7072   0.0322 1086.0000 
  0.6783   0.0000 429.0000 
  0.7125   0.0069 1308.0000 
  0.7251   0.0741 1106.0000 
  0.7254   0.1127 692.0000 
  0.6715   0.0614 1108.0000 
  0.6616   0.0000 328.0000 
  0.6836   0.3222 1223.0000 
  0.7418   0.0000 581.0000 
  0.7348   0.0018 543.0000 
  0.7284   0.0000 324.0000 
  0.7575   0.0000 301.0000 
  0.7109   0.0000 294.0000 
  0.6682   0.5513 1121.0000 
  0.7565   0.0010 1039.0000 
  0.6857   0.5474 1034.0000 
  0.6730   0.5954 477.0000 
  0.7400   0.0000 450.0000 
  0.6769   0.2925 817.0000 
  0.6504   0.9625 801.0000 
  0.6848   0.0156 257.0000 
  0.7115   0.1311 305.0000 
  0.8413   0.0010 1040.0000 
  0.6775   1.0000 462.0000 
  0.7372   0.9964 548.0000 
  0.8126   0.0305 491.0000 
  0.6717   0.7899 533.0000 
  0.7666   0.3368 861.0000 
  0.7766   0.0680 882.0000 
  0.7006   0.2718 1229.0000 
  0.7206   0.0766 705.0000 
  0.6677   0.1912 638.0000 
  0.7025   0.1570 242.0000 
  0.8000   0.0533 150.0000 
  0.7191   0.3797 719.0000 
  0.8095   0.0417 168.0000 
  0.6739   0.4674 368.0000 
  0.7292   0.2375 240.0000 
  0.6023   0.8818 347.0000 
  0.6533   0.2833 646.0000 
  0.6468   0.0050 201.0000 
  0.8000   0.1879 495.0000 
  0.6670   0.1225 1135.0000 
  0.8409   0.0000 308.0000 
  0.8496   0.0084 359.0000 
  0.7210   0.1830 448.0000 
  0.6728   0.8927 382.0000 
  0.7454   0.0000 931.0000 
  0.8062   0.0000 578.0000 
  0.7448   0.0483 290.0000 
  0.7483   0.0035 286.0000 
  0.7716   0.0302 232.0000 
  0.5731   0.8772 513.0000 
  0.8134   0.0063 477.0000 
  0.6775   0.2872 679.0000 
  0.7852   0.0898 256.0000 
  0.7308   0.0115 520.0000 
  0.6623   0.0033 302.0000 
  0.7123   0.7109 709.0000 
  0.7288   0.0877 365.0000 
  0.7020   0.0000 151.0000 
  0.8220   0.0209 191.0000 
  0.6273   0.0000 110.0000 
  0.6894   0.2262 367.0000 
  0.6494   0.4799 348.0000 
  0.7719   0.2456 228.0000 
  0.6424   0.0000 151.0000 
  0.7586   0.2069  29.0000 
  0.7590   0.1518 975.0000 
  0.7687   0.3474 1163.0000 
  0.8069   0.2325 1243.0000 
  0.7591   0.6613 930.0000 
  0.7989   0.1367 1522.0000 
  0.8107   0.1745 745.0000 
  0.7151   0.9087 1095.0000 
  0.7772   0.2826 552.0000 
  0.7219   0.2106 489.0000 
  0.6443   0.5951 447.0000 
  0.7450   0.3525 451.0000 
  0.7405   0.2111 289.0000 
  0.7542   0.2770 1379.0000 
  0.7407   0.2764 351.0000 
  0.6375   0.3875 240.0000 
  0.6109   0.1641 329.0000 
  0.6827   0.1627 375.0000 
  0.5471   0.3294 170.0000 
  0.7627   0.0000 177.0000 
  0.8302   0.4717 106.0000 
  0.6750   0.0168 597.0000 
  0.7117   0.0107 281.0000 
  0.6096   0.0000 456.0000 
  0.7097   0.0000 155.0000 
  0.7050   0.0627 383.0000 
  0.6078   0.1204 515.0000 
  0.6848   0.0000 441.0000 
  0.6296   0.1940 629.0000 
  0.5517   0.3415 571.0000 
  0.6939   0.0816 196.0000 
  0.5559   0.3257 304.0000 
  0.6357   0.0000 280.0000 
  0.6917   0.0042 240.0000 
  0.7085   0.2958 1180.0000 
  0.7754   0.3353 668.0000 
  0.7436   0.4444 468.0000 
  0.6504   0.1866 552.0000 
  0.7089   0.7709 371.0000 
  0.7822   0.8511 450.0000 
  0.6174   0.1856 528.0000 
  0.7303   0.5726 241.0000 
  0.7024   0.7146 410.0000 
  0.7751   0.5279 538.0000 
  0.5578   0.9811 848.0000 
  0.5290   0.6452 620.0000 
  0.7523   0.1019 981.0000 
  0.6145   0.1650 703.0000 
  0.5980   0.3640 1107.0000 
  0.7074   0.2580 376.0000 
  0.7588   0.0000 228.0000 
  0.7865   0.1433 698.0000 
  0.6621   0.0793 290.0000 
  0.7427   0.1332 443.0000 
  0.8000   0.0000 160.0000 
  0.7019   0.6045 359.0000 
  0.7166   0.3031 607.0000 
  0.6881   0.0000 202.0000 
  0.6965   0.0000 257.0000 
  0.7683   0.0000 164.0000 
  0.6790   0.3056 324.0000 
  0.7629   0.1767 464.0000 
  0.7182   0.0000 330.0000 
  0.7420   0.0261 345.0000 
  0.8049   0.0000  41.0000 
  0.7317   0.0000  41.0000 
  0.7216   0.0227 176.0000 
  0.6658   0.0000 401.0000 
  0.6928   0.0000 332.0000 
