x	t	n
 0.2475  0.8875 40000.0000 
 0.1818  0.9545 4400.0000 
 0.1355  0.8076 36900.0000 
 0.1884  0.8551 6900.0000 
 0.0726  0.9721 89500.0000 
 0.1100  0.9682 245400.0000 
 0.1364  0.9545 4400.0000 
 0.0860  0.9785 14000.0000 
 0.1057  0.9756 9300.0000 
 0.1077  0.9538 12300.0000 
 0.2422  0.9531 13000.0000 
 0.1233  0.7548 12800.0000 
 0.1711  0.7237 613000.0000 
 0.2227  0.7803 7600.0000 
 0.1901  0.8490 3300.0000 
 0.2857  0.8571 262200.0000 
 0.1818  0.9318 94700.0000 
 0.5125  0.4833 2800.0000 
 0.0952  0.9524 4400.0000 
 0.3889  0.7222 24000.0000 
 0.2364  0.8727 2100.0000 
 0.3636  0.8864 1800.0000 
 0.0694  0.7778 5500.0000 
 0.2449  0.9184 4400.0000 
 0.1600  0.9600 7200.0000 
 0.1620  0.9437 4900.0000 
 0.1269  0.8421 7500.0000 
 0.1635  0.9434 14200.0000 
 0.2769  0.7897 245100.0000 
 0.5098  0.7843 6600.0000 
 0.1000  0.9500 15900.0000 
 0.1734  0.7209 19500.0000 
 0.1038  0.9603 5100.0000 
 0.2915  0.8720 2000.0000 
 0.2581  0.8387 36900.0000 
 0.4026  0.8701 45300.0000 
 0.1113  0.8592 42200.0000 
 0.2971  0.8786 6200.0000 
 0.1395  0.9690 2200.0000 
 0.1021  0.6796 7700.0000 
 0.2283  0.8913 47600.0000 
 0.0638  0.8632 31300.0000 
 0.1250  0.9750 12900.0000 
 0.1366  0.7732 28400.0000 
 0.0853  0.9690 9200.0000 
 0.1887  0.9309 32900.0000 
 0.0682  0.9631 4000.0000 
 0.0662  0.9243 159600.0000 
 0.1648  0.7983 12900.0000 
 0.2802  0.7253 156300.0000 
 0.2376  0.7680 35200.0000 
 0.2743  0.8987 273500.0000 
 0.0688  0.9812 116500.0000 
 0.0735  0.9606 18200.0000 
 0.7390  0.2987 18100.0000 
 0.2113  0.9437 23700.0000 
 0.2442  0.8953 16000.0000 
 0.2297  0.9189 55800.0000 
 0.2750  0.5750 95400.0000 
 0.1352  0.9382 7100.0000 
 0.2222  0.9722 8600.0000 
 0.1170  0.9681 7400.0000 
 0.1562  0.9531 4000.0000 
 0.1704  0.9185 85800.0000 
 0.2150  0.9533 3600.0000 
 0.2745  0.9412 9400.0000 
 0.3516  0.8571 6400.0000 
 0.2293  0.8390 27000.0000 
 0.1944  0.9259 10700.0000 
 0.4227  0.7526 15300.0000 
 0.2230  0.6131 9100.0000 
 0.3220  0.5838 20500.0000 
 0.1913  0.7522 10800.0000 
 0.2182  0.9091 9700.0000 
 0.0769  0.9744 30500.0000 
 0.2879  0.8636 129500.0000 
 0.4386  0.7105 77900.0000 
 0.3932  0.8718 5500.0000 
 0.5113  0.6617 3900.0000 
 0.2954  0.8279 6600.0000 
 0.5833  0.4583 11400.0000 
 0.4656  0.2977 11700.0000 
 0.3284  0.7015 13300.0000 
 0.1928  0.9277 124900.0000 
 0.2628  0.9234 7200.0000 
 0.4494  0.9051 13100.0000 
 0.2747  0.8791 18400.0000 
 0.1254  0.9599 13400.0000 
 0.1835  0.8101 8300.0000 
 0.2111  0.9311 27400.0000 
 0.1065  0.9691 15800.0000 
 0.1013  0.9873 9100.0000 
 0.3725  0.7451 119600.0000 
 0.1017  0.9887 15800.0000 
 0.5843  0.7753 45000.0000 
 0.4114  0.6571 29100.0000 
 0.3957  0.8503 7900.0000 
 0.3282  0.5836 15300.0000 
 0.2898  0.5883 17700.0000 
 0.2522  0.7304 8900.0000 
 0.4649  0.9035 17500.0000 
 0.2878  0.7170 18700.0000 
 0.3729  0.8814 383300.0000 
 0.3770  0.6885 56600.0000 
 0.2019  0.9327 11500.0000 
 0.0462  0.9874 11400.0000 
 0.4375  0.9792 62900.0000 
 0.4396  0.9231 5900.0000 
 0.4343  0.9697 12200.0000 
 0.3695  0.8941 10400.0000 
 0.3072  0.9869 23800.0000 
 0.2791  0.9380 12100.0000 
 0.1761  0.9542 4800.0000 
 0.2965  0.8770 9100.0000 
 0.5932  0.7458 9900.0000 
 0.1839  0.8060 40600.0000 
 0.2970  0.8812 15300.0000 
 0.0984  0.9672 25800.0000 
 0.2881  0.8559 28400.0000 
 0.3084  0.7709 31700.0000 
 0.4321  0.8765 5900.0000 
 0.1842  0.7632 29900.0000 
 0.6216  0.2973 10100.0000 
 0.2766  0.8723 22900.0000 
 0.1474  0.7430 12200.0000 
 0.0549  0.9890 23600.0000 
 0.0213  0.5532 22700.0000 
 0.4000  0.6692 8100.0000 
 0.0083  0.9917 7600.0000 
 0.0152  0.4848 7400.0000 
 0.3116  0.7387 9400.0000 
 0.4846  0.9000 50200.0000 
 0.3566  0.6853 9100.0000 
 0.2963  0.8704 4700.0000 
 0.1053  0.7038 13000.0000 
 0.0605  0.7771 12100.0000 
 0.1330  0.6700 6600.0000 
 0.0625  0.7978 19900.0000 
 0.3548  0.4194 13000.0000 
 0.1061  0.3799 14300.0000 
 0.4059  0.4554 10800.0000 
 0.0789  0.8947 80700.0000 
 0.2632  0.5526 31400.0000 
 0.0215  0.4731 40600.0000 
 0.3968  0.6667 27200.0000 
 0.1762  0.7778 3100.0000 
 0.2937  0.4286 17900.0000 
 0.2628  0.5256 10100.0000 
 0.2438  0.4449 41800.0000 
 0.2821  0.8205 15200.0000 
 0.0541  0.5405 9300.0000 
 0.0978  0.9522 6300.0000 
 0.1100  0.8600 36900.0000 
 0.3153  0.8288 25200.0000 
 0.2928  0.8303 31200.0000 
 0.4424  0.6619 77100.0000 
 0.2228  0.8440 3900.0000 
 0.3636  0.6818 3700.0000 
 0.1157  0.7300 46000.0000 
 0.4600  0.6400 10000.0000 
 0.0294  0.9706 22200.0000 
 0.3763  0.7527 66600.0000 
 0.4074  0.7284 27800.0000 
 0.1896  0.7132 112200.0000 
 0.4554  0.7360 15400.0000 
 0.2357  0.7262 72600.0000 
 0.0212  0.5932 5000.0000 
 0.0538  0.8834 3400.0000 
 0.5214  0.7692 18600.0000 
 0.4805  0.6623 8100.0000 
 0.3333  0.6667 144000.0000 
 0.1503  0.8388 30300.0000 
 0.0800  0.9100 26300.0000 
 0.1844  0.8646 23600.0000 
 0.4182  0.7091 22300.0000 
 0.1892  0.8716 11700.0000 
 0.3480  0.6453 7700.0000 
 0.0915  0.8963 3300.0000 
 0.0516  0.7677 36600.0000 
 0.0227  0.5455 10000.0000 
 0.0103  0.7732 34700.0000 
 0.4130  0.7899 5500.0000 
 0.2165  0.7943 14800.0000 
 0.1981  0.9434 29600.0000 
 0.2341  0.6439 16400.0000 
 0.3272  0.7191 15500.0000 
 0.2512  0.7346 8800.0000 
 0.5290  0.8841 9700.0000 
 0.1282  0.3744 13800.0000 
 0.2049  0.8893 158000.0000 
 0.3019  0.6981 10600.0000 
 0.3427  0.6154 20500.0000 
 0.4227  0.6598 32400.0000 
 0.3922  0.3922 42200.0000 
 0.2958  0.8662 13800.0000 
 0.3757  0.7238 39000.0000 
 0.1159  0.5652 24400.0000 
 0.0722  0.9139 5300.0000 
 0.2558  0.8558 14300.0000 
 0.5059  0.5390 9700.0000 
 0.1814  0.6887 5100.0000 
 0.1437  0.7006 14200.0000 
 0.0977  0.5226 36200.0000 
 0.3203  0.4219 6900.0000 
 0.3760  0.7040 36000.0000 
 0.0905  0.8148 21500.0000 
 0.0781  0.6484 42300.0000 
 0.0496  0.7482 40800.0000 
 0.1702  0.7234 50100.0000 
 0.0440  0.9780 26600.0000 
 0.3333  0.6250 25600.0000 
 0.1803  0.7377 12500.0000 
 0.3714  0.8686 24300.0000 
 0.2297  0.7834 12800.0000 
 0.5556  0.5758 28200.0000 
 0.3714  0.8429 4700.0000 
 0.0103  0.7216 9100.0000 
 0.3503  0.5188 2400.0000 
 0.0775  0.8217 24400.0000 
 0.3439  0.6369 17500.0000 
 0.0441  0.9118 99700.0000 
 0.0125  0.4375 9900.0000 
 0.2689  0.6050 7000.0000 
 0.2294  0.7271 9700.0000 
 0.5614  0.7368 45100.0000 
 0.1681  0.5061 25800.0000 
 0.4634  0.7073 31400.0000 
 0.3596  0.8652 13600.0000 
 0.3731  0.5130 8000.0000 
 0.4064  0.9198 11900.0000 
 0.5593  0.6102 43600.0000 
 0.3131  0.6146 5700.0000 
 0.1753  0.7113 57100.0000 
 0.3373  0.6450 8200.0000 
 0.3006  0.8208 8900.0000 
 0.5969  0.7597 19300.0000 
 0.4306  0.7292 18700.0000 
 0.3722  0.6767 5900.0000 
 0.3873  0.6690 113400.0000 
 0.3776  0.9371 19400.0000 
 0.4810  0.5949 16900.0000 
 0.5238  0.7333 17300.0000 
 0.3721  0.7442 12900.0000 
 0.4472  0.7516 14400.0000 
 0.1537  0.6017 26600.0000 
 0.2615  0.6615 14200.0000 
 0.4659  0.7500 14300.0000 
 0.2120  0.6476 7900.0000 
 0.5500  0.6667 10500.0000 
 0.3430  0.7267 43000.0000 
 0.2286  0.7857 16100.0000 
 0.2556  0.5902 121000.0000 
 0.5510  0.6837 26000.0000 
 0.1429  0.8750 8800.0000 
 0.5366  0.6829 34900.0000 
 0.4873  0.5949 6000.0000 
 0.4184  0.7305 17200.0000 
 0.2907  0.7035 21000.0000 
 0.1000  0.6045 26600.0000 
 0.5148  0.8107 9800.0000 
 0.0909  0.6250 33600.0000 
 0.2927  0.6186 4100.0000 
 0.2911  0.7722 15800.0000 
 0.1883  0.6589 14100.0000 
 0.4118  0.5267 17200.0000 
 0.2426  0.7633 22000.0000 
 0.5801  0.7238 33800.0000 
 0.2429  0.5714 26400.0000 
