	t	x	n	truthB	truthW
  0.8875   0.2475 40000.0000   0.5556   0.9967 
  0.9545   0.1818 4400.0000   0.7500   1.0000 
  0.8076   0.1355 36900.0000   0.6400   0.8339 
  0.8551   0.1884 6900.0000   0.6923   0.8929 
  0.9721   0.0726 89500.0000   0.6154   1.0000 
  0.9682   0.1100 245400.0000   0.7111   1.0000 
  0.9545   0.1364 4400.0000   0.6667   1.0000 
  1.0000   0.0286 14000.0000   1.0000   1.0000 
  0.9785   0.0860 9300.0000   0.7500   1.0000 
  0.9756   0.1057 12300.0000   0.7692   1.0000 
  0.9538   0.1077 13000.0000   0.5714   1.0000 
  0.9531   0.2422 12800.0000   0.8065   1.0000 
  0.7548   0.1233 613000.0000   0.7937   0.7493 
  0.7237   0.1711 7600.0000   0.6923   0.7302 
  1.0000   0.1212 3300.0000   1.0000   1.0000 
  0.7803   0.2227 262200.0000   0.7312   0.7944 
  0.8490   0.1901 94700.0000   0.7556   0.8709 
  0.8571   0.2857 2800.0000   0.5000   1.0000 
  0.9318   0.1818 4400.0000   0.6250   1.0000 
  0.4833   0.5125 24000.0000   0.3821   0.5897 
  0.9524   0.0952 2100.0000   0.5000   1.0000 
  0.7222   0.3889 1800.0000   0.2857   1.0000 
  0.8727   0.2364 5500.0000   0.5385   0.9762 
  0.8864   0.3636 4400.0000   0.6875   1.0000 
  0.7778   0.0694 7200.0000   0.6000   0.7910 
  0.9184   0.2449 4900.0000   0.6667   1.0000 
  0.9600   0.1600 7500.0000   0.7500   1.0000 
  0.9437   0.1620 14200.0000   0.6522   1.0000 
  0.8421   0.1269 245100.0000   0.7331   0.8579 
  1.0000   0.0303 6600.0000   1.0000   1.0000 
  0.9434   0.1635 15900.0000   0.6538   1.0000 
  0.7897   0.2769 19500.0000   0.6111   0.8582 
  0.7843   0.5098 5100.0000   0.5769   1.0000 
  0.9500   0.1000 2000.0000   0.5000   1.0000 
  0.7209   0.1734 36900.0000   0.3594   0.7967 
  0.9603   0.1038 45300.0000   0.6170   1.0000 
  0.8720   0.2915 42200.0000   0.5610   1.0000 
  0.8387   0.2581 6200.0000   0.3750   1.0000 
  1.0000   0.0909 2200.0000   1.0000   1.0000 
  0.8701   0.4026 7700.0000   0.6774   1.0000 
  0.8592   0.1113 47600.0000   0.5283   0.9007 
  0.8786   0.2971 31300.0000   0.5914   1.0000 
  0.9690   0.1395 12900.0000   0.7778   1.0000 
  0.6796   0.1021 28400.0000   0.6207   0.6863 
  0.8913   0.2283 9200.0000   0.7143   0.9437 
  0.8632   0.0638 32900.0000   0.5714   0.8831 
  0.9750   0.1250 4000.0000   0.8000   1.0000 
  0.7732   0.1366 159600.0000   0.4862   0.8186 
  0.9690   0.0853 12900.0000   0.6364   1.0000 
  0.9309   0.1887 156300.0000   0.6339   1.0000 
  0.9631   0.0682 35200.0000   0.4583   1.0000 
  0.9243   0.0662 273500.0000   0.6298   0.9452 
  0.7983   0.1648 116500.0000   0.5313   0.8510 
  0.7253   0.2802 18200.0000   0.4118   0.8473 
  0.7680   0.2376 18100.0000   0.4884   0.8551 
  0.8987   0.2743 23700.0000   0.6462   0.9942 
  0.9812   0.0688 16000.0000   0.7273   1.0000 
  0.9606   0.0735 55800.0000   0.4634   1.0000 
  0.2987   0.7390 95400.0000   0.0511   1.0000 
  0.9437   0.2113 7100.0000   0.7333   1.0000 
  0.8953   0.2442 8600.0000   0.5714   1.0000 
  0.9189   0.2297 7400.0000   0.6471   1.0000 
  0.5750   0.2750 4000.0000   0.2727   0.6897 
  0.9382   0.1352 85800.0000   0.6724   0.9798 
  0.9722   0.2222 3600.0000   0.8750   1.0000 
  0.9681   0.1170 9400.0000   0.7273   1.0000 
  0.9531   0.1563 6400.0000   0.7000   1.0000 
  0.9185   0.1704 27000.0000   0.8696   0.9286 
  0.9533   0.2150 10700.0000   0.8696   0.9762 
  0.9412   0.2745 15300.0000   0.7857   1.0000 
  0.8571   0.3516 9100.0000   0.6875   0.9492 
  0.8390   0.2293 20500.0000   0.6809   0.8861 
  0.9259   0.1944 10800.0000   0.6190   1.0000 
  0.7526   0.4227 9700.0000   0.5854   0.8750 
  0.6131   0.2230 30500.0000   0.3088   0.7004 
  0.5838   0.3220 129500.0000   0.3261   0.7062 
  0.7522   0.1913 77900.0000   0.6577   0.7746 
  0.9091   0.2182 5500.0000   0.5833   1.0000 
  0.9744   0.0769 3900.0000   1.0000   0.9722 
  0.8636   0.2879 6600.0000   0.5263   1.0000 
  0.7105   0.4386 11400.0000   0.5600   0.8281 
  0.8718   0.3932 11700.0000   0.6739   1.0000 
  0.6617   0.5113 13300.0000   0.4118   0.9231 
  0.8279   0.2954 124900.0000   0.5989   0.9239 
  0.4583   0.5833 7200.0000   0.0714   1.0000 
  0.2977   0.4656 13100.0000   0.0656   0.5000 
  1.0000   0.2174 18400.0000   1.0000   1.0000 
  0.7015   0.3284 13400.0000   0.2045   0.9444 
  0.9277   0.1928 8300.0000   0.6250   1.0000 
  0.9234   0.2628 27400.0000   0.8194   0.9604 
  0.9051   0.4494 15800.0000   0.8310   0.9655 
  0.8791   0.2747 9100.0000   0.7200   0.9394 
  0.9599   0.1254 119600.0000   0.6800   1.0000 
  0.8101   0.1835 15800.0000   0.6897   0.8372 
  0.9311   0.2111 45000.0000   0.7579   0.9775 
  0.9691   0.1065 29100.0000   0.7097   1.0000 
  0.9873   0.1013 7900.0000   0.8750   1.0000 
  0.7451   0.3725 15300.0000   0.4912   0.8958 
  0.9887   0.1017 17700.0000   0.8889   1.0000 
  0.7753   0.5843 8900.0000   0.6154   1.0000 
  0.6571   0.4114 17500.0000   0.3611   0.8641 
  0.8503   0.3957 18700.0000   0.7027   0.9469 
  0.5836   0.3282 383300.0000   0.5334   0.6082 
  0.5883   0.2898 56600.0000   0.1524   0.7662 
  0.7304   0.2522 11500.0000   0.0690   0.9535 
  0.9035   0.4649 11400.0000   0.8302   0.9672 
  0.7170   0.2878 62900.0000   0.5193   0.7969 
  0.8814   0.3729 5900.0000   0.6818   1.0000 
  0.6885   0.3770 12200.0000   0.3696   0.8816 
  0.9327   0.2019 10400.0000   0.6667   1.0000 
  0.9874   0.0462 23800.0000   0.7273   1.0000 
  1.0000   0.2231 12100.0000   1.0000   1.0000 
  0.9792   0.4375 4800.0000   0.9524   1.0000 
  0.9231   0.4396 9100.0000   0.8250   1.0000 
  0.9697   0.4343 9900.0000   0.9302   1.0000 
  0.8941   0.3695 40600.0000   0.8333   0.9297 
  0.9869   0.3072 15300.0000   0.9574   1.0000 
  0.9380   0.2791 25800.0000   0.7778   1.0000 
  0.9542   0.1761 28400.0000   0.7400   1.0000 
  0.8770   0.2965 31700.0000   0.6277   0.9821 
  0.7458   0.5932 5900.0000   0.5714   1.0000 
  0.8060   0.1839 29900.0000   0.5091   0.8730 
  0.8812   0.2970 10100.0000   0.6000   1.0000 
  1.0000   0.1135 22900.0000   1.0000   1.0000 
  0.9672   0.0984 12200.0000   0.6667   1.0000 
  0.8559   0.2881 23600.0000   0.5588   0.9762 
  0.7709   0.3084 22700.0000   0.5571   0.8662 
  0.8765   0.4321 8100.0000   0.7143   1.0000 
  0.7632   0.1842 7600.0000   0.2857   0.8710 
  0.2973   0.6216 7400.0000   0.2826   0.3214 
  0.8723   0.2766 9400.0000   0.5769   0.9853 
  0.7430   0.1474 50200.0000   0.5676   0.7734 
  0.9890   0.0549 9100.0000   0.8000   1.0000 
  0.5532   0.0213 4700.0000   0.0000   0.5652 
  0.6692   0.4000 13000.0000   0.4615   0.8077 
  0.9917   0.0083 12100.0000   0.0000   1.0000 
  0.4848   0.0152 6600.0000   0.0000   0.4923 
  0.7387   0.3116 19900.0000   0.3226   0.9270 
  0.9000   0.4846 13000.0000   0.7937   1.0000 
  0.6853   0.3566 14300.0000   0.5098   0.7826 
  0.8704   0.2963 10800.0000   0.7500   0.9211 
  0.7038   0.1053 80700.0000   0.5059   0.7271 
  0.7771   0.0605 31400.0000   0.7895   0.7763 
  0.6700   0.1330 40600.0000   0.4630   0.7017 
  0.7978   0.0625 27200.0000   0.7059   0.8039 
  0.4194   0.3548 3100.0000   0.2727   0.5000 
  0.3799   0.1061 17900.0000   0.2105   0.4000 
  0.4554   0.4059 10100.0000   0.3659   0.5167 
  0.8947   0.0789 41800.0000   0.7273   0.9091 
  0.5526   0.2632 15200.0000   0.4250   0.5982 
  0.4731   0.0215 9300.0000   0.0000   0.4835 
  0.6667   0.3968 6300.0000   0.4400   0.8158 
  0.7778   0.1762 36900.0000   0.5538   0.8257 
  0.4286   0.2937 25200.0000   0.3108   0.4775 
  0.5256   0.2628 31200.0000   0.4634   0.5478 
  0.4449   0.2438 77100.0000   0.4043   0.4580 
  0.8205   0.2821 3900.0000   0.4545   0.9643 
  0.5405   0.0541 3700.0000   0.5000   0.5429 
  0.9522   0.0978 46000.0000   0.7333   0.9759 
  0.8600   0.1100 10000.0000   0.6364   0.8876 
  0.8288   0.3153 22200.0000   0.4571   1.0000 
  0.8303   0.2928 66600.0000   0.7641   0.8577 
  0.6619   0.4424 27800.0000   0.4309   0.8452 
  0.8440   0.2228 112200.0000   0.7720   0.8647 
  0.6818   0.3636 15400.0000   0.4821   0.7959 
  0.7300   0.1157 72600.0000   0.5833   0.7492 
  0.6400   0.4600 5000.0000   0.4783   0.7778 
  0.9706   0.0294 3400.0000   0.0000   1.0000 
  0.7527   0.3763 18600.0000   0.4286   0.9483 
  0.7284   0.4074 8100.0000   0.4848   0.8958 
  0.7132   0.1896 144000.0000   0.5897   0.7421 
  0.7360   0.4554 30300.0000   0.4348   0.9879 
  0.7262   0.2357 26300.0000   0.4194   0.8209 
  0.5932   0.0212 23600.0000   0.4000   0.5974 
  0.8834   0.0538 22300.0000   0.5000   0.9052 
  0.7692   0.5214 11700.0000   0.6557   0.8929 
  0.6623   0.4805 7700.0000   0.5405   0.7750 
  0.6667   0.3333 3300.0000   0.5455   0.7273 
  0.8388   0.1503 36600.0000   0.5818   0.8842 
  0.9100   0.0800 10000.0000   0.2500   0.9674 
  0.8646   0.1844 34700.0000   0.4844   0.9505 
  0.7091   0.4182 5500.0000   0.5652   0.8125 
  0.8716   0.1892 14800.0000   0.7500   0.9000 
  0.6453   0.3480 29600.0000   0.4563   0.7461 
  0.8963   0.0915 16400.0000   0.7333   0.9128 
  0.7677   0.0516 15500.0000   0.5000   0.7823 
  0.5455   0.0227 8800.0000   0.0000   0.5581 
  0.7732   0.0103 9700.0000   0.0000   0.7813 
  0.7899   0.4130 13800.0000   0.5789   0.9383 
  0.7943   0.2165 158000.0000   0.5497   0.8619 
  0.9434   0.1981 10600.0000   0.7143   1.0000 
  0.6439   0.2341 20500.0000   0.3750   0.7261 
  0.7191   0.3272 32400.0000   0.5094   0.8211 
  0.7346   0.2512 42200.0000   0.5283   0.8038 
  0.8841   0.5290 13800.0000   0.7808   1.0000 
  0.3744   0.1282 39000.0000   0.3800   0.3735 
  0.8893   0.2049 24400.0000   0.6400   0.9536 
  0.6981   0.3019 5300.0000   0.5625   0.7568 
  0.6154   0.3427 14300.0000   0.4490   0.7021 
  0.6598   0.4227 9700.0000   0.4146   0.8393 
  0.3922   0.3922 5100.0000   0.3500   0.4194 
  0.8662   0.2958 14200.0000   0.6905   0.9400 
  0.7238   0.3757 36200.0000   0.4706   0.8761 
  0.5652   0.1159 6900.0000   0.3750   0.5902 
  0.9139   0.0722 36000.0000   0.5769   0.9401 
  0.8558   0.2558 21500.0000   0.7091   0.9063 
  0.5390   0.5059 42300.0000   0.3178   0.7656 
  0.6887   0.1814 40800.0000   0.5946   0.7096 
  0.7006   0.1437 50100.0000   0.5139   0.7319 
  0.5226   0.0977 26600.0000   0.3462   0.5417 
  0.4219   0.3203 25600.0000   0.2805   0.4885 
  0.7040   0.3760 12500.0000   0.4681   0.8462 
  0.8148   0.0905 24300.0000   0.5455   0.8416 
  0.6484   0.0781 12800.0000   0.8000   0.6356 
  0.7482   0.0496 28200.0000   0.5714   0.7575 
  0.7234   0.1702 4700.0000   0.0000   0.8718 
  0.9780   0.0440 9100.0000   1.0000   0.9770 
  0.6250   0.3333 2400.0000   0.5000   0.6875 
  0.7377   0.1803 24400.0000   0.4091   0.8100 
  0.8686   0.3714 17500.0000   0.7385   0.9455 
  0.7834   0.2297 99700.0000   0.4585   0.8802 
  0.5758   0.5556 9900.0000   0.3455   0.8636 
  0.8429   0.3714 7000.0000   0.6538   0.9545 
  0.7216   0.0103 9700.0000   0.0000   0.7292 
  0.5188   0.3503 45100.0000   0.3165   0.6280 
  0.8217   0.0775 25800.0000   1.0000   0.8067 
  0.6369   0.3439 31400.0000   0.3704   0.7767 
  0.9118   0.0441 13600.0000   0.6667   0.9231 
  0.4375   0.0125 8000.0000   0.0000   0.4430 
  0.6050   0.2689 11900.0000   0.3750   0.6897 
  0.7271   0.2294 43600.0000   0.5100   0.7917 
  0.7368   0.5614 5700.0000   0.6250   0.8800 
  0.5061   0.1681 57100.0000   0.3125   0.5453 
  0.7073   0.4634 8200.0000   0.5789   0.8182 
  0.8652   0.3596 8900.0000   0.6875   0.9649 
  0.5130   0.3731 19300.0000   0.5972   0.4628 
  0.9198   0.4064 18700.0000   0.8026   1.0000 
  0.6102   0.5593 5900.0000   0.4545   0.8077 
  0.6146   0.3131 113400.0000   0.5352   0.6508 
  0.7113   0.1753 19400.0000   0.5294   0.7500 
  0.6450   0.3373 16900.0000   0.5263   0.7054 
  0.8208   0.3006 17300.0000   0.6538   0.8926 
  0.7597   0.5969 12900.0000   0.5974   1.0000 
  0.7292   0.4306 14400.0000   0.5645   0.8537 
  0.6767   0.3722 26600.0000   0.5051   0.7784 
  0.6690   0.3873 14200.0000   0.5091   0.7701 
  0.9371   0.3776 14300.0000   0.8333   1.0000 
  0.5949   0.4810 7900.0000   0.3158   0.8537 
  0.7333   0.5238 10500.0000   0.6545   0.8200 
  0.7442   0.3721 43000.0000   0.5938   0.8333 
  0.7516   0.4472 16100.0000   0.6389   0.8427 
  0.6017   0.1537 121000.0000   0.4785   0.6240 
  0.6615   0.2615 26000.0000   0.4265   0.7448 
  0.7500   0.4659 8800.0000   0.5854   0.8936 
  0.6476   0.2120 34900.0000   0.5270   0.6800 
  0.6667   0.5500 6000.0000   0.5758   0.7778 
  0.7267   0.3430 17200.0000   0.4407   0.8761 
  0.7857   0.2286 21000.0000   0.5417   0.8580 
  0.5902   0.2556 26600.0000   0.4853   0.6263 
  0.6837   0.5510 9800.0000   0.5000   0.9091 
  0.8750   0.1429 33600.0000   0.6458   0.9132 
  0.6829   0.5366 4100.0000   0.5000   0.8947 
  0.5949   0.4873 15800.0000   0.4805   0.7037 
  0.7305   0.4184 14100.0000   0.5254   0.8780 
  0.7035   0.2907 17200.0000   0.4600   0.8033 
  0.6045   0.1000 22000.0000   0.5000   0.6162 
  0.8107   0.5148 33800.0000   0.7184   0.9085 
  0.6250   0.0909 26400.0000   0.4583   0.6417 
  0.6186   0.2927 111700.0000   0.5933   0.6291 
  0.7722   0.2911 7900.0000   0.6087   0.8393 
  0.6589   0.1883 90300.0000   0.4647   0.7040 
  0.5267   0.4118 37400.0000   0.4935   0.5500 
  0.7633   0.2426 16900.0000   0.5122   0.8438 
  0.7238   0.5801 18100.0000   0.6190   0.8684 
  0.5714   0.2429 42000.0000   0.4118   0.6226 
